-0.03536076471209526
-0.03536076471209526
-0.03536076471209526
-0.03536076471209526
-0.03536076471209526
-0.03536076471209526
-0.03536076471209526
-0.03536076471209526
-0.03536076471209526
-0.03536076471209526
-0.03536076471209526
-0.03536076471209526
-0.03536076471209526
-0.03536076471209526
-0.03536076471209526
-0.03536076471209526
-0.03536076471209526
-0.03536076471209526
-0.03536076471209526
-0.03536076471209526
-0.03536076471209526
-0.03536076471209526
-0.03536076471209526
-0.03536076471209526
-0.03536076471209526
-0.03536076471209526
-0.03536076471209526
-0.03536076471209526
-0.03536076471209526
-0.03536076471209526
-0.03536076471209526
-0.03536076471209526
-0.03536076471209526
-0.03536076471209526
-0.03536076471209526
-0.03536076471209526
-0.03536076471209526
-0.03536076471209526
-0.03536076471209526
-0.03536076471209526
-0.03536076471209526
-0.03536076471209526
-0.03536076471209526
-0.03536076471209526
-0.03536076471209526
-0.03536076471209526
-0.03536076471209526
-0.03536076471209526
-0.03536076471209526
-0.03536076471209526
-0.03536076471209526
-0.03536076471209526
-0.03536076471209526
-0.03536076471209526
-0.03536076471209526
-0.03536076471209526
-0.03536076471209526
-0.03536076471209526
-0.03536076471209526
-0.03536076471209526
-0.03536076471209526
-0.03536076471209526
-0.03536076471209526
-0.03536076471209526
-0.03536076471209526
-0.03536076471209526
-0.03536076471209526
-0.03536076471209526
-0.03536076471209526
-0.03536076471209526
-0.03536076471209526
-0.03536076471209526
-0.03536076471209526
-0.03536076471209526
-0.03536076471209526
-0.03536076471209526
-0.03536076471209526
-0.03536076471209526
-0.03536076471209526
-0.03536076471209526
-0.03536076471209526
-0.03536076471209526
-0.03536076471209526
-0.03536076471209526
-0.03536076471209526
-0.03536076471209526
-0.03536076471209526
-0.03536076471209526
-0.03536076471209526
-0.03536076471209526
-0.03536076471209526
-0.03536076471209526
-0.03536076471209526
-0.03536076471209526
-0.03536076471209526
-0.03536076471209526
-0.03536076471209526
-0.03536076471209526
-0.03536076471209526
-0.03536076471209526
-0.03536076471209526
-0.03536076471209526
-0.03536076471209526
-0.03536076471209526
-0.03536076471209526
-0.03536076471209526
-0.03536076471209526
-0.03536076471209526
-0.03536076471209526
-0.03536076471209526
-0.03536076471209526
-0.03536076471209526
-0.03536076471209526
-0.03536076471209526
-0.03536076471209526
-0.03536076471209526
-0.03536076471209526
-0.03536076471209526
-0.03536076471209526
-0.03536076471209526
-0.03536076471209526
-0.03536076471209526
-0.03536076471209526
-0.03536076471209526
-0.03536076471209526
-0.03536076471209526
-0.03536076471209526
-0.03536076471209526
-0.03536076471209526
-0.03536076471209526
-0.03536076471209526
-0.03536076471209526
-0.03536076471209526
-0.03536076471209526
-0.03536076471209526
-0.03536076471209526
-0.03536076471209526
-0.03536076471209526
-0.03536076471209526
-0.03536076471209526
-0.03536076471209526
-0.03536076471209526
-0.03536076471209526
-0.03536076471209526
-0.03536076471209526
-0.03536076471209526
-0.03536076471209526
-0.03536076471209526
-0.03536076471209526
-0.03536076471209526
-0.03536076471209526
-0.03536076471209526
-0.03536076471209526
-0.03536076471209526
-0.03536076471209526
-0.03536076471209526
-0.03536076471209526
-0.03536076471209526
-0.03536076471209526
-0.03536076471209526
-0.03536076471209526
-0.03536076471209526
-0.03536076471209526
-0.03536076471209526
-0.03536076471209526
-0.03536076471209526
-0.03536076471209526
-0.03536076471209526
-0.03536076471209526
-0.03536076471209526
-0.03536076471209526
-0.03536076471209526
-0.03536076471209526
0.17636975475093897
0.6471303657427723
0.9148315733992586
0.9158960325314718
0.643242702224091
0.3415718603806168
0.1096493854680482
-0.003943783351603676
-0.03536076471209526
-0.03536076471209526
-0.03536076471209526
-0.03536076471209526
-0.03536076471209526
-0.03536076471209526
-0.03536076471209526
-0.03536076471209526
-0.03536076471209526
-0.03536076471209526
-0.03536076471209526
-0.03536076471209526
-0.03536076471209526
-0.03536076471209526
-0.03536076471209526
-0.03536076471209526
-0.03536076471209526
-0.03536076471209526
-0.03536076471209526
-0.03536076471209526
0.674988781047218
1.6191400509692875
2.1309828759846736
2.2895224257281015
2.0694689747603503
1.8593127311883018
1.4596370222960033
1.247509605671261
1.1460785445483292
1.1460785445483292
1.1460785445483292
1.1460785445483292
1.1460785445483292
1.1460785445483292
1.0755017047273179
0.7060107811262795
0.24682283499369434
0.010019319475281473
-0.03536076471209526
-0.03536076471209526
-0.03536076471209526
-0.03536076471209526
-0.03536076471209526
-0.03536076471209526
-0.03536076471209526
-0.03536076471209526
-0.03536076471209526
-0.03536076471209526
0.7563215370709989
1.8154566931227842
2.522418660787391
2.657209863192311
2.5676513141715063
2.6354692203595356
2.5823565037081053
2.4660289216713576
2.373803592707012
2.4231289944666274
2.4484371183403564
2.4383547126516407
2.3751278033881795
2.380607096397994
2.376361093494822
1.8620690259717259
0.917011303104022
0.17912392831024002
-0.03536076471209526
-0.03536076471209526
-0.03536076471209526
-0.03536076471209526
-0.03536076471209526
-0.03536076471209526
-0.03536076471209526
-0.03536076471209526
-0.03536076471209526
-0.03536076471209526
0.6777533863543296
1.3273222195605436
1.7231537697800234
1.8602462841453506
1.9290775213025364
2.1913179894726653
2.440749022583751
2.458321171458446
2.5172614396056714
2.5950776535360256
2.6928096384832676
2.6654650161517606
2.506120105745161
2.95332812121978
3.439798695594072
2.7759819760480346
1.3655012367256716
0.36043950674288416
-0.03536076471209526
-0.03536076471209526
-0.03536076471209526
-0.03536076471209526
-0.03536076471209526
-0.03536076471209526
-0.03536076471209526
-0.03536076471209526
-0.03536076471209526
-0.03536076471209526
0.14356313293763237
0.38717751191819416
0.42843766812892525
0.5160733419744408
0.6767204780642893
1.0087600017733434
1.3556810368948122
1.3947574747981977
1.5630057663748076
1.5612223714443982
1.6858523248895712
1.6608106792411386
1.7281220063713252
2.717321694876049
3.3869288849333925
2.8022719686376116
1.2984791371606141
0.31598265829916095
-0.03536076471209526
-0.03536076471209526
-0.03536076471209526
-0.03536076471209526
-0.03536076471209526
-0.03536076471209526
-0.03536076471209526
-0.03536076471209526
-0.03536076471209526
-0.03536076471209526
-0.03536076471209526
-0.03536076471209526
-0.03536076471209526
-0.03536076471209526
-0.03536076471209526
0.010037836184104282
0.1708584508913405
0.1362712403576748
0.23776223219785037
0.2764106885329181
0.3322384488787137
0.36632763268608676
0.9881933570346413
2.519309991641956
3.006282142958805
2.1374465185491474
0.8862334881781364
0.10824736711733482
-0.03536076471209526
-0.03536076471209526
-0.03536076471209526
-0.03536076471209526
-0.03536076471209526
-0.03536076471209526
-0.03536076471209526
-0.03536076471209526
-0.03536076471209526
-0.03536076471209526
-0.03536076471209526
-0.03536076471209526
-0.03536076471209526
-0.03536076471209526
-0.03536076471209526
-0.03536076471209526
-0.03536076471209526
-0.03536076471209526
-0.03536076471209526
-0.03536076471209526
-0.03536076471209526
0.3292857789964068
1.6057756831102512
2.9570447977120966
2.900403034847741
1.5307598982809802
0.4022543071970051
-0.016400393273900537
-0.03536076471209526
-0.03536076471209526
-0.03536076471209526
-0.03536076471209526
-0.03536076471209526
-0.03536076471209526
-0.03536076471209526
-0.03536076471209526
-0.03536076471209526
-0.03536076471209526
-0.03536076471209526
-0.03536076471209526
-0.03536076471209526
-0.03536076471209526
-0.03536076471209526
-0.03536076471209526
-0.03536076471209526
-0.03536076471209526
-0.03536076471209526
-0.03536076471209526
0.1133547191964645
1.0344096443670638
2.584368565079628
3.0982049942454872
2.1064300740904667
0.9142141648805608
0.13017399747874223
-0.03536076471209526
-0.03536076471209526
-0.03536076471209526
-0.03536076471209526
-0.03536076471209526
-0.03536076471209526
-0.03536076471209526
-0.03536076471209526
-0.03536076471209526
-0.03536076471209526
-0.03536076471209526
-0.03536076471209526
-0.03536076471209526
-0.03536076471209526
-0.03536076471209526
-0.03536076471209526
-0.03536076471209526
-0.03536076471209526
-0.03536076471209526
-0.03536076471209526
-0.03536076471209526
0.4057814360103187
1.8164677623878507
3.0007427757131118
2.787897608253886
1.4779954944609426
0.4073185464184658
0.010986809914602949
-0.03536076471209526
-0.03536076471209526
-0.03536076471209526
-0.03536076471209526
-0.03536076471209526
-0.03536076471209526
-0.03536076471209526
-0.03536076471209526
-0.03536076471209526
-0.03536076471209526
-0.03536076471209526
-0.03536076471209526
-0.03536076471209526
-0.03536076471209526
-0.03536076471209526
-0.03536076471209526
-0.03536076471209526
-0.03536076471209526
-0.03536076471209526
-0.03536076471209526
-0.01267535191248445
0.9008132198715911
2.5256005062046003
3.0143473465506934
1.9125933194131246
0.7306460029208193
0.03882290666886404
-0.03536076471209526
-0.03536076471209526
-0.03536076471209526
-0.03536076471209526
-0.03536076471209526
-0.03536076471209526
-0.03536076471209526
-0.03536076471209526
-0.03536076471209526
-0.03536076471209526
-0.03536076471209526
-0.03536076471209526
-0.03536076471209526
-0.03536076471209526
-0.03536076471209526
-0.03536076471209526
-0.03536076471209526
-0.03536076471209526
-0.03536076471209526
-0.03536076471209526
-0.03536076471209526
0.29838958912912533
1.6641632509436093
2.831480332960685
2.537238936257713
1.250786612007548
0.2733883187320887
-0.03009399486815228
-0.03536076471209526
-0.03536076471209526
-0.03536076471209526
-0.03536076471209526
-0.03536076471209526
-0.03536076471209526
-0.03536076471209526
-0.03536076471209526
-0.03536076471209526
-0.03536076471209526
-0.03536076471209526
-0.03536076471209526
-0.03536076471209526
-0.03536076471209526
-0.03536076471209526
-0.03536076471209526
-0.03536076471209526
-0.03536076471209526
-0.03536076471209526
-0.03536076471209526
0.15368434195132818
1.0405265294307586
2.466541562170959
2.863731990769214
1.819858300379094
0.700927315199492
0.02573376547764329
-0.03536076471209526
-0.03536076471209526
-0.03536076471209526
-0.03536076471209526
-0.03536076471209526
-0.03536076471209526
-0.03536076471209526
-0.03536076471209526
-0.03536076471209526
-0.03536076471209526
-0.03536076471209526
-0.03536076471209526
-0.03536076471209526
-0.03536076471209526
-0.03536076471209526
-0.03536076471209526
-0.03536076471209526
-0.03536076471209526
-0.03536076471209526
-0.03536076471209526
0.012530662309305343
0.7052114321174574
2.076219441654051
3.025231852528511
2.5446385512603267
1.1991364688703827
0.25753292621058577
-0.03536076471209526
-0.03536076471209526
-0.03536076471209526
-0.03536076471209526
-0.03536076471209526
-0.03536076471209526
-0.03536076471209526
-0.03536076471209526
-0.03536076471209526
-0.03536076471209526
-0.03536076471209526
-0.03536076471209526
-0.03536076471209526
-0.03536076471209526
-0.03536076471209526
-0.03536076471209526
-0.03536076471209526
-0.03536076471209526
-0.03536076471209526
-0.03536076471209526
-0.027798960445558324
0.5181461355703718
1.7519748358603786
2.931331287105294
3.0260127201238105
1.7554774434397031
0.6431362005279345
0.0246804115088547
-0.03536076471209526
-0.03536076471209526
-0.03536076471209526
-0.03536076471209526
-0.03536076471209526
-0.03536076471209526
-0.03536076471209526
-0.03536076471209526
-0.03536076471209526
-0.03536076471209526
-0.03536076471209526
-0.03536076471209526
-0.03536076471209526
-0.03536076471209526
-0.03536076471209526
-0.03536076471209526
-0.03536076471209526
-0.03536076471209526
-0.03536076471209526
-0.03536076471209526
0.06580694754626237
1.1217422870298226
2.644571685367355
3.21065120374163
2.3110505188650943
1.0269483393752108
0.2016260713192762
-0.03536076471209526
-0.03536076471209526
-0.03536076471209526
-0.03536076471209526
-0.03536076471209526
-0.03536076471209526
-0.03536076471209526
-0.03536076471209526
-0.03536076471209526
-0.03536076471209526
-0.03536076471209526
-0.03536076471209526
-0.03536076471209526
-0.03536076471209526
-0.03536076471209526
-0.03536076471209526
-0.03536076471209526
-0.03536076471209526
-0.03536076471209526
-0.03536076471209526
0.04277787937545309
0.6852543410571182
2.261879097056739
3.0015954674897243
2.6555267707243853
1.3671395717152193
0.3945769615471363
0.001506624195505596
-0.03536076471209526
-0.03536076471209526
-0.03536076471209526
-0.03536076471209526
-0.03536076471209526
-0.03536076471209526
-0.03536076471209526
-0.03536076471209526
-0.03536076471209526
-0.03536076471209526
-0.03536076471209526
-0.03536076471209526
-0.03536076471209526
-0.03536076471209526
-0.03536076471209526
-0.03536076471209526
-0.03536076471209526
-0.03536076471209526
-0.03536076471209526
-0.03536076471209526
0.35552275933179206
1.4916214734169781
2.9265169037761636
3.0764218073703495
1.845501790721627
0.6187603375929243
0.047522635947839884
-0.03536076471209526
-0.03536076471209526
-0.03536076471209526
-0.03536076471209526
-0.03536076471209526
-0.03536076471209526
-0.03536076471209526
-0.03536076471209526
-0.03536076471209526
-0.03536076471209526
-0.03536076471209526
-0.03536076471209526
-0.03536076471209526
-0.03536076471209526
-0.03536076471209526
-0.03536076471209526
-0.03536076471209526
-0.03536076471209526
-0.03536076471209526
-0.03536076471209526
0.11839592204082247
1.0531269384803725
2.565208160336695
3.6028168539644447
2.8413176499599335
1.3125817408018252
0.22522526469592952
-0.03430741074330666
-0.03536076471209526
-0.03536076471209526
-0.03536076471209526
-0.03536076471209526
-0.03536076471209526
-0.03536076471209526
-0.03536076471209526
-0.03536076471209526
-0.03536076471209526
-0.03536076471209526
-0.03536076471209526
-0.03536076471209526
-0.03536076471209526
-0.03536076471209526
-0.03536076471209526
-0.03536076471209526
-0.03536076471209526
-0.03536076471209526
-0.03536076471209526
-0.03536076471209526
0.37912412442120846
1.786342023795142
3.160512708492723
3.8788819137011092
2.5843542333181
1.1374342912990674
0.14662894201921484
-0.03536076471209526
-0.03536076471209526
-0.03536076471209526
-0.03536076471209526
-0.03536076471209526
-0.03536076471209526
-0.03536076471209526
-0.03536076471209526
-0.03536076471209526
-0.03536076471209526
-0.03536076471209526
-0.03536076471209526
-0.03536076471209526
-0.03536076471209526
-0.03536076471209526
-0.03536076471209526
-0.03536076471209526
-0.03536076471209526
-0.03536076471209526
-0.03536076471209526
-0.03536076471209526
0.6497221507716413
2.285683381367548
3.4207800197104605
3.3245772224284855
1.8574910512595784
0.7811114706683393
0.09041944419344267
-0.03536076471209526
-0.03536076471209526
-0.03536076471209526
-0.03536076471209526
-0.03536076471209526
-0.03536076471209526
-0.03536076471209526
-0.03536076471209526
-0.03536076471209526
-0.03536076471209526
-0.03536076471209526
-0.03536076471209526
-0.03536076471209526
-0.03536076471209526
-0.03536076471209526
-0.03536076471209526
-0.03536076471209526
-0.03536076471209526
-0.03536076471209526
-0.03536076471209526
-0.03536076471209526
0.5049597347922185
1.4718564709465878
2.139723624128337
2.021166211877968
1.1162544336243
0.2977841865052195
0.0067733940394485714
-0.03536076471209526
-0.03536076471209526
-0.03536076471209526
-0.03536076471209526
-0.03536076471209526
-0.03536076471209526
-0.03536076471209526
-0.03536076471209526
-0.03536076471209526
-0.03536076471209526
-0.03536076471209526
-0.03536076471209526
-0.03536076471209526
-0.03536076471209526
-0.03536076471209526
-0.03536076471209526
-0.03536076471209526
-0.03536076471209526
-0.03536076471209526
-0.03536076471209526
-0.03536076471209526
0.28777045343144264
0.8562339010630168
1.092614456879742
0.6451382234254305
0.21441202623879208
-0.016400393273900537
-0.03536076471209526
-0.03536076471209526
-0.03536076471209526
-0.03536076471209526
-0.03536076471209526
-0.03536076471209526
-0.03536076471209526
-0.03536076471209526
-0.03536076471209526
-0.03536076471209526
-0.03536076471209526
-0.03536076471209526
-0.03536076471209526
0.001279569580219686
0.001279569580219686
0.001279569580219686
0.001279569580219686
0.001279569580219686
0.001279569580219686
0.001279569580219686
0.001279569580219686
0.001279569580219686
0.001279569580219686
0.001279569580219686
0.001279569580219686
0.001279569580219686
0.001279569580219686
0.001279569580219686
0.001279569580219686
0.001279569580219686
0.001279569580219686
0.001279569580219686
0.001279569580219686
0.001279569580219686
0.001279569580219686
0.001279569580219686
0.001279569580219686
0.001279569580219686
0.001279569580219686
0.001279569580219686
0.001279569580219686
0.001279569580219686
0.001279569580219686
0.001279569580219686
0.001279569580219686
0.001279569580219686
0.001279569580219686
0.001279569580219686
0.001279569580219686
0.001279569580219686
0.001279569580219686
0.001279569580219686
0.001279569580219686
0.001279569580219686
0.001279569580219686
0.001279569580219686
0.001279569580219686
0.001279569580219686
0.001279569580219686
0.001279569580219686
0.001279569580219686
0.001279569580219686
0.001279569580219686
0.001279569580219686
0.001279569580219686
0.001279569580219686
0.001279569580219686
0.001279569580219686
0.001279569580219686
0.001279569580219686
0.001279569580219686
0.001279569580219686
0.001279569580219686
0.001279569580219686
0.001279569580219686
0.001279569580219686
0.001279569580219686
0.001279569580219686
0.001279569580219686
0.001279569580219686
0.001279569580219686
0.001279569580219686
0.001279569580219686
0.001279569580219686
0.001279569580219686
0.001279569580219686
0.001279569580219686
0.001279569580219686
0.001279569580219686
0.001279569580219686
0.001279569580219686
0.001279569580219686
0.001279569580219686
0.001279569580219686
0.001279569580219686
0.001279569580219686
0.001279569580219686
0.001279569580219686
0.001279569580219686
0.001279569580219686
0.001279569580219686
0.001279569580219686
0.001279569580219686
0.001279569580219686
0.001279569580219686
0.001279569580219686
0.001279569580219686
0.001279569580219686
0.001279569580219686
0.001279569580219686
0.001279569580219686
0.001279569580219686
0.001279569580219686
0.001279569580219686
0.001279569580219686
0.001279569580219686
0.001279569580219686
0.001279569580219686
0.001279569580219686
0.001279569580219686
0.001279569580219686
0.001279569580219686
0.001279569580219686
0.001279569580219686
0.001279569580219686
0.001279569580219686
0.001279569580219686
0.001279569580219686
0.001279569580219686
0.001279569580219686
0.001279569580219686
0.001279569580219686
0.001279569580219686
0.001279569580219686
0.001279569580219686
0.001279569580219686
0.001279569580219686
0.001279569580219686
0.001279569580219686
0.001279569580219686
0.001279569580219686
0.001279569580219686
0.001279569580219686
0.001279569580219686
0.001279569580219686
0.001279569580219686
0.001279569580219686
0.001279569580219686
0.001279569580219686
0.001279569580219686
0.001279569580219686
0.001279569580219686
0.001279569580219686
0.001279569580219686
0.001279569580219686
0.001279569580219686
0.001279569580219686
0.001279569580219686
0.001279569580219686
0.001279569580219686
0.001279569580219686
0.001279569580219686
0.001279569580219686
0.001279569580219686
0.001279569580219686
0.001279569580219686
0.001279569580219686
0.001279569580219686
0.001279569580219686
0.001279569580219686
0.001279569580219686
0.001279569580219686
0.001279569580219686
0.001279569580219686
0.001279569580219686
0.001279569580219686
0.001279569580219686
0.001279569580219686
0.001279569580219686
0.001279569580219686
0.001279569580219686
0.001279569580219686
0.001279569580219686
0.001279569580219686
0.001279569580219686
0.001279569580219686
-0.004940343134598259
0.06554296303987868
0.05534443352234495
-0.09548288181049785
-0.0634022367912728
-0.13600169934250195
-0.04092512390548911
-0.04409062070361174
0.001279569580219686
0.001279569580219686
0.001279569580219686
0.001279569580219686
0.001279569580219686
0.001279569580219686
0.001279569580219686
0.001279569580219686
0.001279569580219686
0.001279569580219686
0.001279569580219686
0.001279569580219686
0.001279569580219686
0.001279569580219686
0.001279569580219686
0.001279569580219686
0.001279569580219686
0.001279569580219686
0.001279569580219686
0.001279569580219686
0.1726876706638209
0.8458005456532369
0.9794302797953909
1.024953091512069
0.7521410515664293
0.42136934295378853
0.10099003199789235
-0.06949222395881353
-0.07915010304491531
-0.07915010304491531
-0.07915010304491531
-0.07915010304491531
-0.07915010304491531
-0.07915010304491531
-0.07707679880664266
-0.09432663929000425
-0.16470635407467318
-0.06425514971864793
0.001279569580219686
0.001279569580219686
0.001279569580219686
0.001279569580219686
0.001279569580219686
0.001279569580219686
0.001279569580219686
0.001279569580219686
0.001279569580219686
0.001279569580219686
0.7753993725901762
2.007644699939855
2.5885160473362525
2.573139787000129
2.3200856921377166
2.062441145346098
1.6856953001074384
1.411707666584327
1.2392884415323282
1.3027521064637377
1.2662038976239847
1.266500083943738
1.2643425854201449
1.2480420504883847
1.2350954936000098
0.8669578933855517
0.263404200330614
-0.08293220812555258
0.001279569580219686
0.001279569580219686
0.001279569580219686
0.001279569580219686
0.001279569580219686
0.001279569580219686
0.001279569580219686
0.001279569580219686
0.001279569580219686
0.001279569580219686
0.8980591619446618
1.6180637099894273
2.028260717528653
2.11314498627531
2.270018813863634
2.5847190887416143
2.766732134175596
2.8490316100149213
2.7242458877267826
2.871628193785984
2.856267954579408
2.8479152585603473
2.7847435635482602
2.731555282487534
2.918696221550835
2.0283077765790307
0.8654439202441342
0.16375361584793482
0.001279569580219686
0.001279569580219686
0.001279569580219686
0.001279569580219686
0.001279569580219686
0.001279569580219686
0.001279569580219686
0.001279569580219686
0.001279569580219686
0.001279569580219686
0.22671033258175516
0.4792971960200435
0.46577229356877137
0.5910465025164954
0.77654651868221
1.1375484619385507
1.5224889391508207
1.5777074162597202
1.7138421089940834
1.7895461154649692
1.9101820144898207
1.8788333241576693
1.6882153618227072
2.159919179109035
2.8286055752555566
2.329609274033768
0.9430917713887003
0.2951774344455415
0.001279569580219686
0.001279569580219686
0.001279569580219686
0.001279569580219686
0.001279569580219686
0.001279569580219686
0.001279569580219686
0.001279569580219686
0.001279569580219686
0.001279569580219686
0.001279569580219686
0.001279569580219686
0.001279569580219686
0.001279569580219686
0.001279569580219686
0.058478419894042115
0.24731033184592996
0.1570369757588624
0.3070622175078218
0.33401720135463586
0.38269392798572566
0.35414779719704875
0.4054190352362781
1.8552213276083602
2.4929689938188804
1.783421375151888
0.702263627539608
0.13055804824940495
0.001279569580219686
0.001279569580219686
0.001279569580219686
0.001279569580219686
0.001279569580219686
0.001279569580219686
0.001279569580219686
0.001279569580219686
0.001279569580219686
0.001279569580219686
0.001279569580219686
0.001279569580219686
0.001279569580219686
0.001279569580219686
0.001279569580219686
0.001279569580219686
0.001279569580219686
0.001279569580219686
0.001279569580219686
0.001279569580219686
0.001279569580219686
0.040925438390296026
0.9663082928803073
2.309983132299785
2.373183008329486
1.022667886202187
0.31036289635470465
0.017811288058703
0.001279569580219686
0.001279569580219686
0.001279569580219686
0.001279569580219686
0.001279569580219686
0.001279569580219686
0.001279569580219686
0.001279569580219686
0.001279569580219686
0.001279569580219686
0.001279569580219686
0.001279569580219686
0.001279569580219686
0.001279569580219686
0.001279569580219686
0.001279569580219686
0.001279569580219686
0.001279569580219686
0.001279569580219686
0.001279569580219686
-0.0030891786361405375
0.4001015083558455
1.8962669088144546
2.6228229862971086
1.8304674662526372
0.8240528766746066
0.1555481113370179
0.001279569580219686
0.001279569580219686
0.001279569580219686
0.001279569580219686
0.001279569580219686
0.001279569580219686
0.001279569580219686
0.001279569580219686
0.001279569580219686
0.001279569580219686
0.001279569580219686
0.001279569580219686
0.001279569580219686
0.001279569580219686
0.001279569580219686
0.001279569580219686
0.001279569580219686
0.001279569580219686
0.001279569580219686
0.001279569580219686
0.001279569580219686
0.12337113716228701
1.2678642398755378
2.4867115045537003
2.4484851305194963
1.1173577064707618
0.38555430673729335
0.041690436972067785
0.001279569580219686
0.001279569580219686
0.001279569580219686
0.001279569580219686
0.001279569580219686
0.001279569580219686
0.001279569580219686
0.001279569580219686
0.001279569580219686
0.001279569580219686
0.001279569580219686
0.001279569580219686
0.001279569580219686
0.001279569580219686
0.001279569580219686
0.001279569580219686
0.001279569580219686
0.001279569580219686
0.001279569580219686
0.001279569580219686
0.0006131503607749063
0.4903902831418879
2.0364795397040343
2.6192199175141053
1.5418440513481733
0.5950286791335755
0.06709021806360825
0.001279569580219686
0.001279569580219686
0.001279569580219686
0.001279569580219686
0.001279569580219686
0.001279569580219686
0.001279569580219686
0.001279569580219686
0.001279569580219686
0.001279569580219686
0.001279569580219686
0.001279569580219686
0.001279569580219686
0.001279569580219686
0.001279569580219686
0.001279569580219686
0.001279569580219686
0.001279569580219686
0.001279569580219686
0.001279569580219686
0.001279569580219686
0.012076104989768388
1.0314439385713936
2.271856314954165
2.171909560382311
0.8936631451365447
0.28294370510642797
0.005871713602020606
0.001279569580219686
0.001279569580219686
0.001279569580219686
0.001279569580219686
0.001279569580219686
0.001279569580219686
0.001279569580219686
0.001279569580219686
0.001279569580219686
0.001279569580219686
0.001279569580219686
0.001279569580219686
0.001279569580219686
0.001279569580219686
0.001279569580219686
0.001279569580219686
0.001279569580219686
0.001279569580219686
0.001279569580219686
0.001279569580219686
-0.004273923915153479
0.3643542232124281
1.7577603239954138
2.4021639759145565
1.4629907066061838
0.5617729620336939
0.05454844023311036
0.001279569580219686
0.001279569580219686
0.001279569580219686
0.001279569580219686
0.001279569580219686
0.001279569580219686
0.001279569580219686
0.001279569580219686
0.001279569580219686
0.001279569580219686
0.001279569580219686
0.001279569580219686
0.001279569580219686
0.001279569580219686
0.001279569580219686
0.001279569580219686
0.001279569580219686
0.001279569580219686
0.001279569580219686
0.001279569580219686
-0.00012731543860818235
0.17026957709789642
1.3663675734394358
2.3760020301207057
2.1899595671739687
0.8728674346056092
0.2695295257626248
0.001279569580219686
0.001279569580219686
0.001279569580219686
0.001279569580219686
0.001279569580219686
0.001279569580219686
0.001279569580219686
0.001279569580219686
0.001279569580219686
0.001279569580219686
0.001279569580219686
0.001279569580219686
0.001279569580219686
0.001279569580219686
0.001279569580219686
0.001279569580219686
0.001279569580219686
0.001279569580219686
0.001279569580219686
0.001279569580219686
0.0010574298404047594
0.03152154750765904
0.9687567747860013
2.1577685093420427
2.611779248621771
1.4502480345928823
0.5523642740728261
0.05363001142875018
0.001279569580219686
0.001279569580219686
0.001279569580219686
0.001279569580219686
0.001279569580219686
0.001279569580219686
0.001279569580219686
0.001279569580219686
0.001279569580219686
0.001279569580219686
0.001279569580219686
0.001279569580219686
0.001279569580219686
0.001279569580219686
0.001279569580219686
0.001279569580219686
0.001279569580219686
0.001279569580219686
0.001279569580219686
0.001279569580219686
0.005174601036489156
0.5443298040820723
2.1026692458396483
2.681132983440515
2.036002213612436
0.8614378547866592
0.2158151893954103
0.001279569580219686
0.001279569580219686
0.001279569580219686
0.001279569580219686
0.001279569580219686
0.001279569580219686
0.001279569580219686
0.001279569580219686
0.001279569580219686
0.001279569580219686
0.001279569580219686
0.001279569580219686
0.001279569580219686
0.001279569580219686
0.001279569580219686
0.001279569580219686
0.001279569580219686
0.001279569580219686
0.001279569580219686
0.001279569580219686
-0.0010158743978678888
0.10853689713449237
1.5167536989315502
2.4616818068900566
2.4284044109819014
1.1908157388684246
0.38706231850847667
0.03342457773282613
0.001279569580219686
0.001279569580219686
0.001279569580219686
0.001279569580219686
0.001279569580219686
0.001279569580219686
0.001279569580219686
0.001279569580219686
0.001279569580219686
0.001279569580219686
0.001279569580219686
0.001279569580219686
0.001279569580219686
0.001279569580219686
0.001279569580219686
0.001279569580219686
0.001279569580219686
0.001279569580219686
0.001279569580219686
0.001279569580219686
0.060755656552318404
0.8245831713541502
2.231314805692847
2.5516279635498957
1.3660500657055346
0.4844366430966914
0.07377220003856529
0.001279569580219686
0.001279569580219686
0.001279569580219686
0.001279569580219686
0.001279569580219686
0.001279569580219686
0.001279569580219686
0.001279569580219686
0.001279569580219686
0.001279569580219686
0.001279569580219686
0.001279569580219686
0.001279569580219686
0.001279569580219686
0.001279569580219686
0.001279569580219686
0.001279569580219686
0.001279569580219686
0.001279569580219686
0.001279569580219686
-0.003237271796017155
0.44170288570891775
1.8812538264013423
2.6525168090643287
2.167094548194961
0.7294724437266624
0.13500169851844582
0.00219799838457987
0.001279569580219686
0.001279569580219686
0.001279569580219686
0.001279569580219686
0.001279569580219686
0.001279569580219686
0.001279569580219686
0.001279569580219686
0.001279569580219686
0.001279569580219686
0.001279569580219686
0.001279569580219686
0.001279569580219686
0.001279569580219686
0.001279569580219686
0.001279569580219686
0.001279569580219686
0.001279569580219686
0.001279569580219686
0.001279569580219686
0.1287322304508302
1.260330943225006
2.48576166666542
2.9692790824066226
1.951079590153406
0.6702701553140822
0.09085439604515319
0.001279569580219686
0.001279569580219686
0.001279569580219686
0.001279569580219686
0.001279569580219686
0.001279569580219686
0.001279569580219686
0.001279569580219686
0.001279569580219686
0.001279569580219686
0.001279569580219686
0.001279569580219686
0.001279569580219686
0.001279569580219686
0.001279569580219686
0.001279569580219686
0.001279569580219686
0.001279569580219686
0.001279569580219686
0.001279569580219686
0.001279569580219686
0.4681511938083442
1.9138859948275753
2.840135084934916
2.9836635829063645
1.698397211674327
0.7895891421880828
0.11998236831140649
0.001279569580219686
0.001279569580219686
0.001279569580219686
0.001279569580219686
0.001279569580219686
0.001279569580219686
0.001279569580219686
0.001279569580219686
0.001279569580219686
0.001279569580219686
0.001279569580219686
0.001279569580219686
0.001279569580219686
0.001279569580219686
0.001279569580219686
0.001279569580219686
0.001279569580219686
0.001279569580219686
0.001279569580219686
0.001279569580219686
0.001279569580219686
0.6789891252061351
1.9453481385251505
2.739132093304458
2.4204696678378457
1.09719978217629
0.29072788553723294
0.038016721754627045
0.001279569580219686
0.001279569580219686
0.001279569580219686
0.001279569580219686
0.001279569580219686
0.001279569580219686
0.001279569580219686
0.001279569580219686
0.001279569580219686
0.001279569580219686
0.001279569580219686
0.001279569580219686
0.001279569580219686
0.001279569580219686
0.001279569580219686
0.001279569580219686
0.001279569580219686
0.001279569580219686
0.001279569580219686
0.001279569580219686
0.001279569580219686
0.40840079828448517
1.0264695177790617
1.1669494516439918
0.5869286783500666
0.21676865416058505
0.017811288058703
0.001279569580219686
0.001279569580219686
0.001279569580219686
0.001279569580219686
0.001279569580219686
0.001279569580219686
0.001279569580219686
0.001279569580219686
0.001279569580219686
0.001279569580219686
0.001279569580219686
0.001279569580219686
0.001279569580219686
0.026626503095030785
0.026626503095030785
0.026626503095030785
0.026626503095030785
0.026626503095030785
0.026626503095030785
0.026626503095030785
0.026626503095030785
0.026626503095030785
0.026626503095030785
0.026626503095030785
0.026626503095030785
0.026626503095030785
0.026626503095030785
0.026626503095030785
0.026626503095030785
0.026626503095030785
0.026626503095030785
0.026626503095030785
0.026626503095030785
0.026626503095030785
0.026626503095030785
0.026626503095030785
0.026626503095030785
0.026626503095030785
0.026626503095030785
0.026626503095030785
0.026626503095030785
0.026626503095030785
0.026626503095030785
0.026626503095030785
0.026626503095030785
0.026626503095030785
0.026626503095030785
0.026626503095030785
0.026626503095030785
0.026626503095030785
0.026626503095030785
0.026626503095030785
0.026626503095030785
0.026626503095030785
0.026626503095030785
0.026626503095030785
0.026626503095030785
0.026626503095030785
0.026626503095030785
0.026626503095030785
0.026626503095030785
0.026626503095030785
0.026626503095030785
0.026626503095030785
0.026626503095030785
0.026626503095030785
0.026626503095030785
0.026626503095030785
0.026626503095030785
0.026626503095030785
0.026626503095030785
0.026626503095030785
0.026626503095030785
0.026626503095030785
0.026626503095030785
0.026626503095030785
0.026626503095030785
0.026626503095030785
0.026626503095030785
0.026626503095030785
0.026626503095030785
0.026626503095030785
0.026626503095030785
0.026626503095030785
0.026626503095030785
0.026626503095030785
0.026626503095030785
0.026626503095030785
0.026626503095030785
0.026626503095030785
0.026626503095030785
0.026626503095030785
0.026626503095030785
0.026626503095030785
0.026626503095030785
0.026626503095030785
0.026626503095030785
0.026626503095030785
0.026626503095030785
0.026626503095030785
0.026626503095030785
0.026626503095030785
0.026626503095030785
0.026626503095030785
0.026626503095030785
0.026626503095030785
0.026626503095030785
0.026626503095030785
0.026626503095030785
0.026626503095030785
0.026626503095030785
0.026626503095030785
0.026626503095030785
0.026626503095030785
0.026626503095030785
0.026626503095030785
0.026626503095030785
0.026626503095030785
0.026626503095030785
0.026626503095030785
0.026626503095030785
0.026626503095030785
0.026626503095030785
0.026626503095030785
0.026626503095030785
0.026626503095030785
0.026626503095030785
0.026626503095030785
0.026626503095030785
0.026626503095030785
0.026626503095030785
0.026626503095030785
0.026626503095030785
0.026626503095030785
0.026626503095030785
0.026626503095030785
0.026626503095030785
0.026626503095030785
0.026626503095030785
0.026626503095030785
0.026626503095030785
0.026626503095030785
0.026626503095030785
0.026626503095030785
0.026626503095030785
0.026626503095030785
0.026626503095030785
0.026626503095030785
0.026626503095030785
0.026626503095030785
0.026626503095030785
0.026626503095030785
0.026626503095030785
0.026626503095030785
0.026626503095030785
0.026626503095030785
0.026626503095030785
0.026626503095030785
0.026626503095030785
0.026626503095030785
0.026626503095030785
0.026626503095030785
0.026626503095030785
0.026626503095030785
0.026626503095030785
0.026626503095030785
0.026626503095030785
0.026626503095030785
0.026626503095030785
0.026626503095030785
0.026626503095030785
0.026626503095030785
0.026626503095030785
0.026626503095030785
0.026626503095030785
0.026626503095030785
0.026626503095030785
0.026626503095030785
0.026626503095030785
0.026626503095030785
0.026626503095030785
0.026626503095030785
0.026626503095030785
0.026626503095030785
0.026626503095030785
0.026626503095030785
0.2751434217261918
0.8489243608844631
1.1995521139645693
1.2073238996679292
0.8819068805625042
0.5037873962127111
0.21370765354265184
0.06816889711600893
0.026626503095030785
0.026626503095030785
0.026626503095030785
0.026626503095030785
0.026626503095030785
0.026626503095030785
0.026626503095030785
0.026626503095030785
0.026626503095030785
0.026626503095030785
0.026626503095030785
0.026626503095030785
0.026626503095030785
0.026626503095030785
0.026626503095030785
0.026626503095030785
0.026626503095030785
0.026626503095030785
0.026626503095030785
0.026626503095030785
0.9520471912753933
2.2954266156416896
2.9426114293655345
3.0488029501966984
2.6985643920726052
2.3553650087950864
1.8726498420112856
1.5944240794243183
1.489040598777287
1.489040598777287
1.489040598777287
1.489040598777287
1.489040598777287
1.489040598777287
1.4062016259002335
0.965438215967779
0.3930177806420069
0.08663218334755476
0.026626503095030785
0.026626503095030785
0.026626503095030785
0.026626503095030785
0.026626503095030785
0.026626503095030785
0.026626503095030785
0.026626503095030785
0.026626503095030785
0.026626503095030785
0.7985684804837494
1.4902213339492971
1.8025902796974953
1.8281921248590831
2.2527697292978273
2.7998786236506463
3.180191984107973
3.2190316326258817
3.2167110207983676
3.2781760640953683
3.3116407703900457
3.2998066314076095
3.2245836431854498
3.2251889578048503
3.1932498941015375
2.4411329630324072
1.1645377613531025
0.2687273893651425
0.026626503095030785
0.026626503095030785
0.026626503095030785
0.026626503095030785
0.026626503095030785
0.026626503095030785
0.026626503095030785
0.026626503095030785
0.026626503095030785
0.026626503095030785
-0.11912210842996249
-0.20878431366793082
-0.43856394585295055
-0.36852015878493893
-0.1773729938137183
0.2798187683391218
0.8843480095924701
1.0633184646639755
1.2227802749723196
1.3600528888623504
1.4661330402847015
1.4296730492410124
1.2144279582608566
1.7408898633849974
2.5261904487203735
2.304608407536266
1.1110436115559996
0.304759601613178
0.026626503095030785
0.026626503095030785
0.026626503095030785
0.026626503095030785
0.026626503095030785
0.026626503095030785
0.026626503095030785
0.026626503095030785
0.026626503095030785
0.026626503095030785
-0.08202510489990898
-0.2629104518642028
-0.3468762802361858
-0.4045482954777339
-0.5003174667484036
-0.675591480403262
-0.6799042878416823
-0.7740553604840646
-0.6852833533038696
-0.6515233902589364
-0.6034709525093729
-0.6225677155031293
-0.4771803645745796
0.8795596519886866
1.8953217918747196
1.4402880754906173
0.4544180530908645
0.04724114324678394
0.026626503095030785
0.026626503095030785
0.026626503095030785
0.026626503095030785
0.026626503095030785
0.026626503095030785
0.026626503095030785
0.026626503095030785
0.026626503095030785
0.026626503095030785
0.026626503095030785
0.026626503095030785
0.026626503095030785
0.026626503095030785
0.026626503095030785
-0.0009418153514464678
-0.10696075151802278
-0.11913831633533917
-0.18137454661522429
-0.20312703838389295
-0.2653447934444629
-0.18728370271330957
0.848531705937257
2.0900894444143656
1.9668878715193154
0.6914576413365555
0.02501941987258545
-0.06992730757623328
0.026626503095030785
0.026626503095030785
0.026626503095030785
0.026626503095030785
0.026626503095030785
0.026626503095030785
0.026626503095030785
0.026626503095030785
0.026626503095030785
0.026626503095030785
0.026626503095030785
0.026626503095030785
0.026626503095030785
0.026626503095030785
0.026626503095030785
0.026626503095030785
0.026626503095030785
0.026626503095030785
0.026626503095030785
0.026626503095030785
0.026626503095030785
0.47863190721209137
1.8630092475709379
2.5726986721231073
1.6278711330437774
0.3842422953788557
-0.06750261341678164
0.0054959447725730776
0.026626503095030785
0.026626503095030785
0.026626503095030785
0.026626503095030785
0.026626503095030785
0.026626503095030785
0.026626503095030785
0.026626503095030785
0.026626503095030785
0.026626503095030785
0.026626503095030785
0.026626503095030785
0.026626503095030785
0.026626503095030785
0.026626503095030785
0.026626503095030785
0.026626503095030785
0.026626503095030785
0.026626503095030785
0.026626503095030785
0.2011800530859653
1.3332906929666506
2.3669470369596692
2.088201829009489
0.8142209588093501
0.14206237311602804
-0.002653583847716745
0.026626503095030785
0.026626503095030785
0.026626503095030785
0.026626503095030785
0.026626503095030785
0.026626503095030785
0.026626503095030785
0.026626503095030785
0.026626503095030785
0.026626503095030785
0.026626503095030785
0.026626503095030785
0.026626503095030785
0.026626503095030785
0.026626503095030785
0.026626503095030785
0.026626503095030785
0.026626503095030785
0.026626503095030785
0.026626503095030785
0.026626503095030785
0.6087893921735825
1.9403332607199748
2.4449680862254373
1.1982100869875913
0.05778357092218077
-0.21969626629907707
-0.02502597280431027
0.026626503095030785
0.026626503095030785
0.026626503095030785
0.026626503095030785
0.026626503095030785
0.026626503095030785
0.026626503095030785
0.026626503095030785
0.026626503095030785
0.026626503095030785
0.026626503095030785
0.026626503095030785
0.026626503095030785
0.026626503095030785
0.026626503095030785
0.026626503095030785
0.026626503095030785
0.026626503095030785
0.026626503095030785
0.026626503095030785
0.05325331580551232
0.9922332609181895
2.0731956126424027
1.782246118177678
0.5654900351941001
3.0006241856797566e-05
-0.038411614612913605
0.026626503095030785
0.026626503095030785
0.026626503095030785
0.026626503095030785
0.026626503095030785
0.026626503095030785
0.026626503095030785
0.026626503095030785
0.026626503095030785
0.026626503095030785
0.026626503095030785
0.026626503095030785
0.026626503095030785
0.026626503095030785
0.026626503095030785
0.026626503095030785
0.026626503095030785
0.026626503095030785
0.026626503095030785
0.026626503095030785
0.026626503095030785
0.4281832354691099
1.651764178020405
2.214967852224614
1.1498973725838406
0.15979283917330064
-0.11086646215442347
0.020756903561014756
0.026626503095030785
0.026626503095030785
0.026626503095030785
0.026626503095030785
0.026626503095030785
0.026626503095030785
0.026626503095030785
0.026626503095030785
0.026626503095030785
0.026626503095030785
0.026626503095030785
0.026626503095030785
0.026626503095030785
0.026626503095030785
0.026626503095030785
0.026626503095030785
0.026626503095030785
0.026626503095030785
0.026626503095030785
0.026626503095030785
0.2485166090157102
1.4030706671888338
2.4091453213098584
1.9165120531311808
0.5926616694193845
-0.007422516648383698
-0.041460851499555154
0.026626503095030785
0.026626503095030785
0.026626503095030785
0.026626503095030785
0.026626503095030785
0.026626503095030785
0.026626503095030785
0.026626503095030785
0.026626503095030785
0.026626503095030785
0.026626503095030785
0.026626503095030785
0.026626503095030785
0.026626503095030785
0.026626503095030785
0.026626503095030785
0.026626503095030785
0.026626503095030785
0.026626503095030785
0.026626503095030785
0.08283866326160291
0.982502655283201
2.2994889948663175
2.4738246323796464
1.1629498905776177
0.14248779974877832
-0.09873487168521275
0.026626503095030785
0.026626503095030785
0.026626503095030785
0.026626503095030785
0.026626503095030785
0.026626503095030785
0.026626503095030785
0.026626503095030785
0.026626503095030785
0.026626503095030785
0.026626503095030785
0.026626503095030785
0.026626503095030785
0.026626503095030785
0.026626503095030785
0.026626503095030785
0.026626503095030785
0.026626503095030785
0.026626503095030785
0.026626503095030785
0.03550210733185796
0.6977900125013262
2.0761962643806258
2.5813449433986464
1.7457641333706824
0.41862480357727583
-0.04663971395907446
-0.04028693159275196
0.026626503095030785
0.026626503095030785
0.026626503095030785
0.026626503095030785
0.026626503095030785
0.026626503095030785
0.026626503095030785
0.026626503095030785
0.026626503095030785
0.026626503095030785
0.026626503095030785
0.026626503095030785
0.026626503095030785
0.026626503095030785
0.026626503095030785
0.026626503095030785
0.026626503095030785
0.026626503095030785
0.026626503095030785
0.026626503095030785
0.1486446082372876
1.5279603934536379
2.5631947532369224
2.216103518104144
0.6705775627683774
-0.019869940910561434
-0.11402978583732074
0.026626503095030785
0.026626503095030785
0.026626503095030785
0.026626503095030785
0.026626503095030785
0.026626503095030785
0.026626503095030785
0.026626503095030785
0.026626503095030785
0.026626503095030785
0.026626503095030785
0.026626503095030785
0.026626503095030785
0.026626503095030785
0.026626503095030785
0.026626503095030785
0.026626503095030785
0.026626503095030785
0.026626503095030785
0.026626503095030785
0.11834108020891161
0.9074711918611736
2.1155356841709683
2.1971566470011195
0.9503437113309022
0.04141956799316632
-0.1647131064578014
-0.014460693643081425
0.026626503095030785
0.026626503095030785
0.026626503095030785
0.026626503095030785
0.026626503095030785
0.026626503095030785
0.026626503095030785
0.026626503095030785
0.026626503095030785
0.026626503095030785
0.026626503095030785
0.026626503095030785
0.026626503095030785
0.026626503095030785
0.026626503095030785
0.026626503095030785
0.026626503095030785
0.026626503095030785
0.026626503095030785
0.026626503095030785
0.5192474006218653
1.9416193219741769
2.682748363744102
1.768227350573037
0.3392051528262741
-0.15133020646285777
-0.06221634642604518
0.026626503095030785
0.026626503095030785
0.026626503095030785
0.026626503095030785
0.026626503095030785
0.026626503095030785
0.026626503095030785
0.026626503095030785
0.026626503095030785
0.026626503095030785
0.026626503095030785
0.026626503095030785
0.026626503095030785
0.026626503095030785
0.026626503095030785
0.026626503095030785
0.026626503095030785
0.026626503095030785
0.026626503095030785
0.026626503095030785
0.2070971225771834
1.3173245499896653
2.356352868595836
2.7106417382245556
1.6202898109441295
0.5271399407775379
0.030616330961678526
0.02545258318822758
0.026626503095030785
0.026626503095030785
0.026626503095030785
0.026626503095030785
0.026626503095030785
0.026626503095030785
0.026626503095030785
0.026626503095030785
0.026626503095030785
0.026626503095030785
0.026626503095030785
0.026626503095030785
0.026626503095030785
0.026626503095030785
0.026626503095030785
0.026626503095030785
0.026626503095030785
0.026626503095030785
0.026626503095030785
0.026626503095030785
0.5796828317656821
1.876918203902303
2.6096073069774053
2.6231739908822025
1.5371643541855555
0.5475101676422591
0.09228801526421426
0.026626503095030785
0.026626503095030785
0.026626503095030785
0.026626503095030785
0.026626503095030785
0.026626503095030785
0.026626503095030785
0.026626503095030785
0.026626503095030785
0.026626503095030785
0.026626503095030785
0.026626503095030785
0.026626503095030785
0.026626503095030785
0.026626503095030785
0.026626503095030785
0.026626503095030785
0.026626503095030785
0.026626503095030785
0.026626503095030785
0.026626503095030785
0.6726369146988088
1.7853892840371994
2.3500370989608417
1.6533598842354966
0.5853289052332732
0.10198285355433528
0.027542000052099135
0.026626503095030785
0.026626503095030785
0.026626503095030785
0.026626503095030785
0.026626503095030785
0.026626503095030785
0.026626503095030785
0.026626503095030785
0.026626503095030785
0.026626503095030785
0.026626503095030785
0.026626503095030785
0.026626503095030785
0.026626503095030785
0.026626503095030785
0.026626503095030785
0.026626503095030785
0.026626503095030785
0.026626503095030785
0.026626503095030785
0.026626503095030785
0.21735426302195762
0.5246435817331075
0.5270539744008406
-0.08206466251582484
-0.3152514934758931
-0.2650680509487203
-0.020330293177097454
0.026626503095030785
0.026626503095030785
0.026626503095030785
0.026626503095030785
0.026626503095030785
0.026626503095030785
0.026626503095030785
0.026626503095030785
0.026626503095030785
0.026626503095030785
0.026626503095030785
0.026626503095030785
0.026626503095030785
0.026626503095030785
0.026626503095030785
0.026626503095030785
0.026626503095030785
0.026626503095030785
0.026626503095030785
0.026626503095030785
0.026626503095030785
-0.1695950576122485
-0.5743021843699263
-0.8479001156474445
-0.6241134709222059
-0.24449442486990902
0.0054959447725730776
0.026626503095030785
0.026626503095030785
0.026626503095030785
0.026626503095030785
0.026626503095030785
0.026626503095030785
0.026626503095030785
0.026626503095030785
0.026626503095030785
0.026626503095030785
0.026626503095030785
0.026626503095030785
0.026626503095030785
0.07220018655061722
0.07220018655061722
0.07220018655061722
0.07220018655061722
0.07220018655061722
0.07220018655061722
0.07220018655061722
0.07220018655061722
0.07220018655061722
0.07220018655061722
0.07220018655061722
0.07220018655061722
0.07220018655061722
0.07220018655061722
0.07220018655061722
0.07220018655061722
0.07220018655061722
0.07220018655061722
0.07220018655061722
0.07220018655061722
0.07220018655061722
0.07220018655061722
0.07220018655061722
0.07220018655061722
0.07220018655061722
0.07220018655061722
0.07220018655061722
0.07220018655061722
0.07220018655061722
0.07220018655061722
0.07220018655061722
0.07220018655061722
0.07220018655061722
0.07220018655061722
0.07220018655061722
0.07220018655061722
0.07220018655061722
0.07220018655061722
0.07220018655061722
0.07220018655061722
0.07220018655061722
0.07220018655061722
0.07220018655061722
0.07220018655061722
0.07220018655061722
0.07220018655061722
0.07220018655061722
0.07220018655061722
0.07220018655061722
0.07220018655061722
0.07220018655061722
0.07220018655061722
0.07220018655061722
0.07220018655061722
0.07220018655061722
0.07220018655061722
0.07220018655061722
0.07220018655061722
0.07220018655061722
0.07220018655061722
0.07220018655061722
0.07220018655061722
0.07220018655061722
0.07220018655061722
0.07220018655061722
0.07220018655061722
0.07220018655061722
0.07220018655061722
0.07220018655061722
0.07220018655061722
0.07220018655061722
0.07220018655061722
0.07220018655061722
0.07220018655061722
0.07220018655061722
0.07220018655061722
0.07220018655061722
0.07220018655061722
0.07220018655061722
0.07220018655061722
0.07220018655061722
0.07220018655061722
0.07220018655061722
0.07220018655061722
0.07220018655061722
0.07220018655061722
0.07220018655061722
0.07220018655061722
0.07220018655061722
0.07220018655061722
0.07220018655061722
0.07220018655061722
0.07220018655061722
0.07220018655061722
0.07220018655061722
0.07220018655061722
0.07220018655061722
0.07220018655061722
0.07220018655061722
0.07220018655061722
0.07220018655061722
0.07220018655061722
0.07220018655061722
0.07220018655061722
0.07220018655061722
0.07220018655061722
0.07220018655061722
0.07220018655061722
0.07220018655061722
0.07220018655061722
0.07220018655061722
0.07220018655061722
0.07220018655061722
0.07220018655061722
0.07220018655061722
0.07220018655061722
0.07220018655061722
0.07220018655061722
0.07220018655061722
0.07220018655061722
0.07220018655061722
0.07220018655061722
0.07220018655061722
0.07220018655061722
0.07220018655061722
0.07220018655061722
0.07220018655061722
0.07220018655061722
0.07220018655061722
0.07220018655061722
0.07220018655061722
0.07220018655061722
0.07220018655061722
0.07220018655061722
0.07220018655061722
0.07220018655061722
0.07220018655061722
0.07220018655061722
0.07220018655061722
0.07220018655061722
0.07220018655061722
0.07220018655061722
0.07220018655061722
0.07220018655061722
0.07220018655061722
0.07220018655061722
0.07220018655061722
0.07220018655061722
0.07220018655061722
0.07220018655061722
0.07220018655061722
0.07220018655061722
0.07220018655061722
0.07220018655061722
0.07220018655061722
0.07220018655061722
0.07220018655061722
0.07220018655061722
0.07220018655061722
0.07220018655061722
0.07220018655061722
0.07220018655061722
0.07220018655061722
0.07220018655061722
0.07220018655061722
0.07220018655061722
0.07220018655061722
0.07220018655061722
0.07220018655061722
0.07220018655061722
0.07220018655061722
0.07220018655061722
0.07220018655061722
0.20327253385501748
0.39708950212773153
0.4808087712701629
0.5541972057199945
0.38376144950880725
0.29938630686671125
0.14539461740676093
0.10680362590972114
0.07220018655061722
0.07220018655061722
0.07220018655061722
0.07220018655061722
0.07220018655061722
0.07220018655061722
0.07220018655061722
0.07220018655061722
0.07220018655061722
0.07220018655061722
0.07220018655061722
0.07220018655061722
0.07220018655061722
0.07220018655061722
0.07220018655061722
0.07220018655061722
0.07220018655061722
0.07220018655061722
0.07220018655061722
0.07220018655061722
0.36338733338257845
0.39120917627040075
0.520370854554223
0.5082593904114237
0.5894659863675342
0.6457534355567951
0.6691208972942595
0.6753488180976288
0.656846525826875
0.656846525826875
0.656846525826875
0.656846525826875
0.656846525826875
0.656846525826875
0.6131557433920748
0.4169576116344508
0.2580260296370469
0.12218293229154512
0.07220018655061722
0.07220018655061722
0.07220018655061722
0.07220018655061722
0.07220018655061722
0.07220018655061722
0.07220018655061722
0.07220018655061722
0.07220018655061722
0.07220018655061722
-0.05365583607379129
-0.22823496253467068
-0.37343958956645984
-0.2972111276551789
-0.14724932824279752
0.06735883225120748
0.27064332649403927
0.34327933721098247
0.43273444424072893
0.41736331047380665
0.4452383032908626
0.438996762943034
0.4045040059031224
0.4306142878590845
0.4396142512267711
0.3804745393348675
0.23706226532950123
0.17379303770322427
0.07220018655061722
0.07220018655061722
0.07220018655061722
0.07220018655061722
0.07220018655061722
0.07220018655061722
0.07220018655061722
0.07220018655061722
0.07220018655061722
0.07220018655061722
-0.1950789014206213
-0.34746215612280607
-0.4195811467720013
-0.45437666870215376
-0.4856709393508295
-0.544782111370096
-0.5029384955909908
-0.5740552568698631
-0.48093989570351203
-0.5074379886190097
-0.4748845422092607
-0.48473817802527375
-0.531228223589121
-0.2208578107111594
-0.11043095825349586
0.056884404286449974
0.08747432640954561
0.08027022822814829
0.07220018655061722
0.07220018655061722
0.07220018655061722
0.07220018655061722
0.07220018655061722
0.07220018655061722
0.07220018655061722
0.07220018655061722
0.07220018655061722
0.07220018655061722
0.004827193857408041
-0.05700624665501072
-0.031483265684515815
-0.06913439648992875
-0.12347410905594919
-0.21373014866429219
-0.30216575080857566
-0.2916771132425935
-0.3512185739974181
-0.3541948754559545
-0.39061371038357423
-0.381332552403796
-0.1999553130245676
-0.03207811250113968
-0.07044660099873351
-0.1619089444770534
-0.0001776266331766363
0.008722678148278998
0.07220018655061722
0.07220018655061722
0.07220018655061722
0.07220018655061722
0.07220018655061722
0.07220018655061722
0.07220018655061722
0.07220018655061722
0.07220018655061722
0.07220018655061722
0.07220018655061722
0.07220018655061722
0.07220018655061722
0.07220018655061722
0.07220018655061722
0.05510554661353429
0.0021354413353929236
0.04212152763616805
-0.004609643448801604
-0.011100470859046072
-0.01623342922505211
0.026139579128985305
0.350257000590072
0.1269755732779409
-0.11809862459114959
-0.13184577612315912
-0.03923351305956936
0.05051947300340615
0.07220018655061722
0.07220018655061722
0.07220018655061722
0.07220018655061722
0.07220018655061722
0.07220018655061722
0.07220018655061722
0.07220018655061722
0.07220018655061722
0.07220018655061722
0.07220018655061722
0.07220018655061722
0.07220018655061722
0.07220018655061722
0.07220018655061722
0.07220018655061722
0.07220018655061722
0.07220018655061722
0.07220018655061722
0.07220018655061722
0.07220018655061722
0.25902791593004676
0.27405999919363094
0.08037123652357692
-0.14407001102671907
0.019347160441034017
0.03770228506011122
0.0704569176715963
0.07220018655061722
0.07220018655061722
0.07220018655061722
0.07220018655061722
0.07220018655061722
0.07220018655061722
0.07220018655061722
0.07220018655061722
0.07220018655061722
0.07220018655061722
0.07220018655061722
0.07220018655061722
0.07220018655061722
0.07220018655061722
0.07220018655061722
0.07220018655061722
0.07220018655061722
0.07220018655061722
0.07220018655061722
0.07220018655061722
0.16426290668108884
0.3792528862754504
0.14756697427992727
-0.1852154781859296
-0.1541436842843598
-0.08882467761343601
0.036258943393534304
0.07220018655061722
0.07220018655061722
0.07220018655061722
0.07220018655061722
0.07220018655061722
0.07220018655061722
0.07220018655061722
0.07220018655061722
0.07220018655061722
0.07220018655061722
0.07220018655061722
0.07220018655061722
0.07220018655061722
0.07220018655061722
0.07220018655061722
0.07220018655061722
0.07220018655061722
0.07220018655061722
0.07220018655061722
0.07220018655061722
0.07220018655061722
0.24094709114116783
0.19635438676558287
-0.03897741315703773
-0.25647809390051685
-0.06554549339355212
0.005069164785684338
0.06793886262412165
0.07220018655061722
0.07220018655061722
0.07220018655061722
0.07220018655061722
0.07220018655061722
0.07220018655061722
0.07220018655061722
0.07220018655061722
0.07220018655061722
0.07220018655061722
0.07220018655061722
0.07220018655061722
0.07220018655061722
0.07220018655061722
0.07220018655061722
0.07220018655061722
0.07220018655061722
0.07220018655061722
0.07220018655061722
0.07220018655061722
0.08624365233323153
0.24920213885751424
0.044587436216134646
-0.21140596486774155
-0.08498456409456681
-0.03178236464075014
0.06302481685198989
0.07220018655061722
0.07220018655061722
0.07220018655061722
0.07220018655061722
0.07220018655061722
0.07220018655061722
0.07220018655061722
0.07220018655061722
0.07220018655061722
0.07220018655061722
0.07220018655061722
0.07220018655061722
0.07220018655061722
0.07220018655061722
0.07220018655061722
0.07220018655061722
0.07220018655061722
0.07220018655061722
0.07220018655061722
0.07220018655061722
0.07220018655061722
0.2628924565280185
0.24885462122220614
0.008216961619316343
-0.1813330350115019
-0.015944015702196168
0.016221100968473096
0.07171594519533363
0.07220018655061722
0.07220018655061722
0.07220018655061722
0.07220018655061722
0.07220018655061722
0.07220018655061722
0.07220018655061722
0.07220018655061722
0.07220018655061722
0.07220018655061722
0.07220018655061722
0.07220018655061722
0.07220018655061722
0.07220018655061722
0.07220018655061722
0.07220018655061722
0.07220018655061722
0.07220018655061722
0.07220018655061722
0.07220018655061722
0.1892290680724032
0.4043167926809367
0.17478347103677538
-0.14402894187791682
-0.07716837208352839
-0.025060069035081317
0.0665829868293276
0.07220018655061722
0.07220018655061722
0.07220018655061722
0.07220018655061722
0.07220018655061722
0.07220018655061722
0.07220018655061722
0.07220018655061722
0.07220018655061722
0.07220018655061722
0.07220018655061722
0.07220018655061722
0.07220018655061722
0.07220018655061722
0.07220018655061722
0.07220018655061722
0.07220018655061722
0.07220018655061722
0.07220018655061722
0.07220018655061722
0.101847503202803
0.37593538279042527
0.24446466632333455
0.011325053023357123
-0.2061410437904152
-0.019522461207473946
0.018426944636831095
0.07220018655061722
0.07220018655061722
0.07220018655061722
0.07220018655061722
0.07220018655061722
0.07220018655061722
0.07220018655061722
0.07220018655061722
0.07220018655061722
0.07220018655061722
0.07220018655061722
0.07220018655061722
0.07220018655061722
0.07220018655061722
0.07220018655061722
0.07220018655061722
0.07220018655061722
0.07220018655061722
0.07220018655061722
0.07220018655061722
0.07688134181148866
0.37776199868496724
0.3266198960881607
0.1355121160985207
-0.2426072551631459
-0.09875156600393503
-0.035067853696790385
0.06667983510038432
0.07220018655061722
0.07220018655061722
0.07220018655061722
0.07220018655061722
0.07220018655061722
0.07220018655061722
0.07220018655061722
0.07220018655061722
0.07220018655061722
0.07220018655061722
0.07220018655061722
0.07220018655061722
0.07220018655061722
0.07220018655061722
0.07220018655061722
0.07220018655061722
0.07220018655061722
0.07220018655061722
0.07220018655061722
0.07220018655061722
0.12952273619525573
0.33053525706716613
0.0950414419320284
-0.1875353189660054
-0.21220793982639036
-0.07480137578996957
0.033927935303426256
0.07220018655061722
0.07220018655061722
0.07220018655061722
0.07220018655061722
0.07220018655061722
0.07220018655061722
0.07220018655061722
0.07220018655061722
0.07220018655061722
0.07220018655061722
0.07220018655061722
0.07220018655061722
0.07220018655061722
0.07220018655061722
0.07220018655061722
0.07220018655061722
0.07220018655061722
0.07220018655061722
0.07220018655061722
0.07220018655061722
0.12057212424628874
0.40709621266407126
0.19989585229286955
-0.06998450905084619
-0.2948558912995983
-0.13247967504110994
-0.004490470857012499
0.0688104970636321
0.07220018655061722
0.07220018655061722
0.07220018655061722
0.07220018655061722
0.07220018655061722
0.07220018655061722
0.07220018655061722
0.07220018655061722
0.07220018655061722
0.07220018655061722
0.07220018655061722
0.07220018655061722
0.07220018655061722
0.07220018655061722
0.07220018655061722
0.07220018655061722
0.07220018655061722
0.07220018655061722
0.07220018655061722
0.07220018655061722
0.2593532052986762
0.32144041712961946
0.11842466341514207
-0.18051390913771637
-0.05065446592429104
0.007296584473521106
0.0641087143006278
0.07220018655061722
0.07220018655061722
0.07220018655061722
0.07220018655061722
0.07220018655061722
0.07220018655061722
0.07220018655061722
0.07220018655061722
0.07220018655061722
0.07220018655061722
0.07220018655061722
0.07220018655061722
0.07220018655061722
0.07220018655061722
0.07220018655061722
0.07220018655061722
0.07220018655061722
0.07220018655061722
0.07220018655061722
0.07220018655061722
0.16738367685500313
0.3575129773979093
0.15111457116755783
0.09668694803235572
-0.036364771396506096
0.09523416142545496
0.07785181204477945
0.0721033382795605
0.07220018655061722
0.07220018655061722
0.07220018655061722
0.07220018655061722
0.07220018655061722
0.07220018655061722
0.07220018655061722
0.07220018655061722
0.07220018655061722
0.07220018655061722
0.07220018655061722
0.07220018655061722
0.07220018655061722
0.07220018655061722
0.07220018655061722
0.07220018655061722
0.07220018655061722
0.07220018655061722
0.07220018655061722
0.07220018655061722
0.22090774765786
0.19053496516802726
0.05618198904044497
-0.03191819174909133
-0.00973498046982521
0.07112531650300116
0.07263626272187514
0.07220018655061722
0.07220018655061722
0.07220018655061722
0.07220018655061722
0.07220018655061722
0.07220018655061722
0.07220018655061722
0.07220018655061722
0.07220018655061722
0.07220018655061722
0.07220018655061722
0.07220018655061722
0.07220018655061722
0.07220018655061722
0.07220018655061722
0.07220018655061722
0.07220018655061722
0.07220018655061722
0.07220018655061722
0.07220018655061722
0.07220018655061722
0.12012648410072513
0.0230328306701838
-0.09216754811943745
-0.36097915263152597
-0.17467169273717723
-0.10978045615495421
0.04179786131078122
0.07220018655061722
0.07220018655061722
0.07220018655061722
0.07220018655061722
0.07220018655061722
0.07220018655061722
0.07220018655061722
0.07220018655061722
0.07220018655061722
0.07220018655061722
0.07220018655061722
0.07220018655061722
0.07220018655061722
0.07220018655061722
0.07220018655061722
0.07220018655061722
0.07220018655061722
0.07220018655061722
0.07220018655061722
0.07220018655061722
0.07220018655061722
-0.12901413472844103
-0.4505924232596277
-0.6185146157794139
-0.5275222087315484
-0.18254433708155854
0.03087604289837912
0.06832625570834852
0.07220018655061722
0.07220018655061722
0.07220018655061722
0.07220018655061722
0.07220018655061722
0.07220018655061722
0.07220018655061722
0.07220018655061722
0.07220018655061722
0.07220018655061722
0.07220018655061722
0.07220018655061722
0.07220018655061722
0.07220018655061722
0.07220018655061722
0.07220018655061722
0.07220018655061722
0.07220018655061722
0.07220018655061722
0.07220018655061722
0.07220018655061722
-0.04947342711920831
-0.2095300612642485
-0.2029131389277823
-0.015519784376317375
0.04823778547784861
0.0704569176715963
0.07220018655061722
0.07220018655061722
0.07220018655061722
0.07220018655061722
0.07220018655061722
0.07220018655061722
0.07220018655061722
0.07220018655061722
0.07220018655061722
0.07220018655061722
0.07220018655061722
0.07220018655061722
0.07220018655061722
-0.01145963091403246
-0.01145963091403246
-0.01145963091403246
-0.01145963091403246
-0.01145963091403246
-0.01145963091403246
-0.01145963091403246
-0.01145963091403246
-0.01145963091403246
-0.01145963091403246
-0.01145963091403246
-0.01145963091403246
-0.01145963091403246
-0.01145963091403246
-0.01145963091403246
-0.01145963091403246
-0.01145963091403246
-0.01145963091403246
-0.01145963091403246
-0.01145963091403246
-0.01145963091403246
-0.01145963091403246
-0.01145963091403246
-0.01145963091403246
-0.01145963091403246
-0.01145963091403246
-0.01145963091403246
-0.01145963091403246
-0.01145963091403246
-0.01145963091403246
-0.01145963091403246
-0.01145963091403246
-0.01145963091403246
-0.01145963091403246
-0.01145963091403246
-0.01145963091403246
-0.01145963091403246
-0.01145963091403246
-0.01145963091403246
-0.01145963091403246
-0.01145963091403246
-0.01145963091403246
-0.01145963091403246
-0.01145963091403246
-0.01145963091403246
-0.01145963091403246
-0.01145963091403246
-0.01145963091403246
-0.01145963091403246
-0.01145963091403246
-0.01145963091403246
-0.01145963091403246
-0.01145963091403246
-0.01145963091403246
-0.01145963091403246
-0.01145963091403246
-0.01145963091403246
-0.01145963091403246
-0.01145963091403246
-0.01145963091403246
-0.01145963091403246
-0.01145963091403246
-0.01145963091403246
-0.01145963091403246
-0.01145963091403246
-0.01145963091403246
-0.01145963091403246
-0.01145963091403246
-0.01145963091403246
-0.01145963091403246
-0.01145963091403246
-0.01145963091403246
-0.01145963091403246
-0.01145963091403246
-0.01145963091403246
-0.01145963091403246
-0.01145963091403246
-0.01145963091403246
-0.01145963091403246
-0.01145963091403246
-0.01145963091403246
-0.01145963091403246
-0.01145963091403246
-0.01145963091403246
-0.01145963091403246
-0.01145963091403246
-0.01145963091403246
-0.01145963091403246
-0.01145963091403246
-0.01145963091403246
-0.01145963091403246
-0.01145963091403246
-0.01145963091403246
-0.01145963091403246
-0.01145963091403246
-0.01145963091403246
-0.01145963091403246
-0.01145963091403246
-0.01145963091403246
-0.01145963091403246
-0.01145963091403246
-0.01145963091403246
-0.01145963091403246
-0.01145963091403246
-0.01145963091403246
-0.01145963091403246
-0.01145963091403246
-0.01145963091403246
-0.01145963091403246
-0.01145963091403246
-0.01145963091403246
-0.01145963091403246
-0.01145963091403246
-0.01145963091403246
-0.01145963091403246
-0.01145963091403246
-0.01145963091403246
-0.01145963091403246
-0.01145963091403246
-0.01145963091403246
-0.01145963091403246
-0.01145963091403246
-0.01145963091403246
-0.01145963091403246
-0.01145963091403246
-0.01145963091403246
-0.01145963091403246
-0.01145963091403246
-0.01145963091403246
-0.01145963091403246
-0.01145963091403246
-0.01145963091403246
-0.01145963091403246
-0.01145963091403246
-0.01145963091403246
-0.01145963091403246
-0.01145963091403246
-0.01145963091403246
-0.01145963091403246
-0.01145963091403246
-0.01145963091403246
-0.01145963091403246
-0.01145963091403246
-0.01145963091403246
-0.01145963091403246
-0.01145963091403246
-0.01145963091403246
-0.01145963091403246
-0.01145963091403246
-0.01145963091403246
-0.01145963091403246
-0.01145963091403246
-0.01145963091403246
-0.01145963091403246
-0.01145963091403246
-0.01145963091403246
-0.01145963091403246
-0.01145963091403246
-0.01145963091403246
-0.01145963091403246
-0.01145963091403246
-0.01145963091403246
-0.01145963091403246
-0.01145963091403246
-0.01145963091403246
-0.01145963091403246
-0.01145963091403246
-0.01145963091403246
-0.01145963091403246
-0.01145963091403246
-0.01145963091403246
-0.01145963091403246
-0.01145963091403246
0.25799582161228446
0.8811119724028542
1.351582637184537
1.466844571736075
1.086334212785404
0.6667955870027928
0.2554578726672951
0.07177223053706043
-0.01145963091403246
-0.01145963091403246
-0.01145963091403246
-0.01145963091403246
-0.01145963091403246
-0.01145963091403246
-0.01145963091403246
-0.01145963091403246
-0.01145963091403246
-0.01145963091403246
-0.01145963091403246
-0.01145963091403246
-0.01145963091403246
-0.01145963091403246
-0.01145963091403246
-0.01145963091403246
-0.01145963091403246
-0.01145963091403246
-0.01145963091403246
-0.01145963091403246
0.8262217383064768
2.1038526491097667
3.1239452259688107
3.295285642545159
3.090295877691139
2.7454142657455565
2.2770721705995647
1.950684964821181
1.7865481420365326
1.7865481420365326
1.7865481420365326
1.7865481420365326
1.7865481420365326
1.7865481420365326
1.6967296578610935
1.2184995540691648
0.5667542202106002
0.10876416895976838
-0.01145963091403246
-0.01145963091403246
-0.01145963091403246
-0.01145963091403246
-0.01145963091403246
-0.01145963091403246
-0.01145963091403246
-0.01145963091403246
-0.01145963091403246
-0.01145963091403246
0.7049414000565222
2.0563891470907074
2.901889883701269
3.1408869961203605
3.1236932867188374
3.4211794478526594
3.5297119137593636
3.4664400606069203
3.394031521783886
3.430254030625756
3.497301919016914
3.4844707069918512
3.402862651138475
3.399027729900006
3.39765231462159
2.8355725236273575
1.5244904882073695
0.4057057022354475
-0.01145963091403246
-0.01145963091403246
-0.01145963091403246
-0.01145963091403246
-0.01145963091403246
-0.01145963091403246
-0.01145963091403246
-0.01145963091403246
-0.01145963091403246
-0.01145963091403246
0.5370940021914886
1.1045790788480172
1.619980842273171
1.69254597067906
1.807010462051075
2.142640180261258
2.565407771737698
2.6943599869697996
2.747292398635809
2.844270770036268
3.018942917726349
2.9873019650176746
2.794412138930284
3.3020809009269465
4.012765639016003
3.7043250754073846
2.0800089893862603
0.5536019266126495
-0.01145963091403246
-0.01145963091403246
-0.01145963091403246
-0.01145963091403246
-0.01145963091403246
-0.01145963091403246
-0.01145963091403246
-0.01145963091403246
-0.01145963091403246
-0.01145963091403246
0.12387230436080227
0.29316474496222594
0.3484898095512215
0.44844240667846275
0.5388658976328431
0.8030913863002377
1.1135007681105944
1.2579806362187453
1.342612820794331
1.3905318306247685
1.5239043494540396
1.5038677736130708
1.6442273373003393
2.7084037248300863
3.920858766448994
3.562442541754275
1.7760875570313897
0.40460082075248166
-0.01145963091403246
-0.01145963091403246
-0.01145963091403246
-0.01145963091403246
-0.01145963091403246
-0.01145963091403246
-0.01145963091403246
-0.01145963091403246
-0.01145963091403246
-0.01145963091403246
-0.01145963091403246
-0.01145963091403246
-0.01145963091403246
-0.01145963091403246
-0.01145963091403246
0.02287832281241814
0.14071940480567077
0.11239490116416824
0.22609476732345773
0.21661811896472
0.286228760598483
0.3406413896885865
1.1342513488094303
2.873440425934307
3.668886864466556
2.742278237016324
1.0574536583477667
0.16012214649030393
-0.01145963091403246
-0.01145963091403246
-0.01145963091403246
-0.01145963091403246
-0.01145963091403246
-0.01145963091403246
-0.01145963091403246
-0.01145963091403246
-0.01145963091403246
-0.01145963091403246
-0.01145963091403246
-0.01145963091403246
-0.01145963091403246
-0.01145963091403246
-0.01145963091403246
-0.01145963091403246
-0.01145963091403246
-0.01145963091403246
-0.01145963091403246
-0.01145963091403246
-0.01145963091403246
0.4352288645162594
1.8397439319019515
3.626182113021758
3.6281063178481134
1.9852161780766706
0.5339651777938592
0.012181719074792721
-0.01145963091403246
-0.01145963091403246
-0.01145963091403246
-0.01145963091403246
-0.01145963091403246
-0.01145963091403246
-0.01145963091403246
-0.01145963091403246
-0.01145963091403246
-0.01145963091403246
-0.01145963091403246
-0.01145963091403246
-0.01145963091403246
-0.01145963091403246
-0.01145963091403246
-0.01145963091403246
-0.01145963091403246
-0.01145963091403246
-0.01145963091403246
-0.01145963091403246
0.17780074645564253
1.2346300614121206
3.059659961322505
3.763780498552118
2.7371578058081805
1.1090903161093593
0.17665669081330884
-0.01145963091403246
-0.01145963091403246
-0.01145963091403246
-0.01145963091403246
-0.01145963091403246
-0.01145963091403246
-0.01145963091403246
-0.01145963091403246
-0.01145963091403246
-0.01145963091403246
-0.01145963091403246
-0.01145963091403246
-0.01145963091403246
-0.01145963091403246
-0.01145963091403246
-0.01145963091403246
-0.01145963091403246
-0.01145963091403246
-0.01145963091403246
-0.01145963091403246
-0.01145963091403246
0.5033614666329003
2.0736549735544068
3.6343986175114327
3.4360898538437836
1.754273149710806
0.47298764100334806
0.04633033572531798
-0.01145963091403246
-0.01145963091403246
-0.01145963091403246
-0.01145963091403246
-0.01145963091403246
-0.01145963091403246
-0.01145963091403246
-0.01145963091403246
-0.01145963091403246
-0.01145963091403246
-0.01145963091403246
-0.01145963091403246
-0.01145963091403246
-0.01145963091403246
-0.01145963091403246
-0.01145963091403246
-0.01145963091403246
-0.01145963091403246
-0.01145963091403246
-0.01145963091403246
0.01741059614235864
0.9961483951183219
2.8526263680418626
3.623153533702534
2.4864881708816275
0.8751374901984544
0.07896071186325714
-0.01145963091403246
-0.01145963091403246
-0.01145963091403246
-0.01145963091403246
-0.01145963091403246
-0.01145963091403246
-0.01145963091403246
-0.01145963091403246
-0.01145963091403246
-0.01145963091403246
-0.01145963091403246
-0.01145963091403246
-0.01145963091403246
-0.01145963091403246
-0.01145963091403246
-0.01145963091403246
-0.01145963091403246
-0.01145963091403246
-0.01145963091403246
-0.01145963091403246
-0.01145963091403246
0.4061752373571782
1.852072702717109
3.385462703939308
3.202726934868477
1.56762719988896
0.34396954241993966
-0.004892589250469909
-0.01145963091403246
-0.01145963091403246
-0.01145963091403246
-0.01145963091403246
-0.01145963091403246
-0.01145963091403246
-0.01145963091403246
-0.01145963091403246
-0.01145963091403246
-0.01145963091403246
-0.01145963091403246
-0.01145963091403246
-0.01145963091403246
-0.01145963091403246
-0.01145963091403246
-0.01145963091403246
-0.01145963091403246
-0.01145963091403246
-0.01145963091403246
-0.01145963091403246
0.22912559455589337
1.267280106615348
2.9795421954938304
3.5511294926388888
2.370532509673606
0.8376196647866392
0.06471805238329312
-0.01145963091403246
-0.01145963091403246
-0.01145963091403246
-0.01145963091403246
-0.01145963091403246
-0.01145963091403246
-0.01145963091403246
-0.01145963091403246
-0.01145963091403246
-0.01145963091403246
-0.01145963091403246
-0.01145963091403246
-0.01145963091403246
-0.01145963091403246
-0.01145963091403246
-0.01145963091403246
-0.01145963091403246
-0.01145963091403246
-0.01145963091403246
-0.01145963091403246
0.049488626205015415
0.8772221612470115
2.4723553695405522
3.780559807478943
3.185426014008037
1.4978248969487409
0.3300555837395437
-0.01145963091403246
-0.01145963091403246
-0.01145963091403246
-0.01145963091403246
-0.01145963091403246
-0.01145963091403246
-0.01145963091403246
-0.01145963091403246
-0.01145963091403246
-0.01145963091403246
-0.01145963091403246
-0.01145963091403246
-0.01145963091403246
-0.01145963091403246
-0.01145963091403246
-0.01145963091403246
-0.01145963091403246
-0.01145963091403246
-0.01145963091403246
-0.01145963091403246
-0.0018362218952354264
0.6788055350273555
2.067764624474826
3.68316223228752
3.6811669267166187
2.248685251545234
0.7463737767591488
0.06340464405058062
-0.01145963091403246
-0.01145963091403246
-0.01145963091403246
-0.01145963091403246
-0.01145963091403246
-0.01145963091403246
-0.01145963091403246
-0.01145963091403246
-0.01145963091403246
-0.01145963091403246
-0.01145963091403246
-0.01145963091403246
-0.01145963091403246
-0.01145963091403246
-0.01145963091403246
-0.01145963091403246
-0.01145963091403246
-0.01145963091403246
-0.01145963091403246
-0.01145963091403246
0.11492077981797502
1.2887684441555072
3.2124152186344945
3.908819127364047
2.8750922840490354
1.1753990917119617
0.26948933536004205
-0.01145963091403246
-0.01145963091403246
-0.01145963091403246
-0.01145963091403246
-0.01145963091403246
-0.01145963091403246
-0.01145963091403246
-0.01145963091403246
-0.01145963091403246
-0.01145963091403246
-0.01145963091403246
-0.01145963091403246
-0.01145963091403246
-0.01145963091403246
-0.01145963091403246
-0.01145963091403246
-0.01145963091403246
-0.01145963091403246
-0.01145963091403246
-0.01145963091403246
0.08798226228020355
0.8803363972325243
2.571288291777612
3.67603868414447
3.257086185077388
1.5759908836736691
0.45576357530685613
0.034509660730905396
-0.01145963091403246
-0.01145963091403246
-0.01145963091403246
-0.01145963091403246
-0.01145963091403246
-0.01145963091403246
-0.01145963091403246
-0.01145963091403246
-0.01145963091403246
-0.01145963091403246
-0.01145963091403246
-0.01145963091403246
-0.01145963091403246
-0.01145963091403246
-0.01145963091403246
-0.01145963091403246
-0.01145963091403246
-0.01145963091403246
-0.01145963091403246
-0.01145963091403246
0.4615117660230574
1.774656566382185
3.6285037195456087
3.7725151130272185
2.3097628491072384
0.7373532211554109
0.09147061593465361
-0.01145963091403246
-0.01145963091403246
-0.01145963091403246
-0.01145963091403246
-0.01145963091403246
-0.01145963091403246
-0.01145963091403246
-0.01145963091403246
-0.01145963091403246
-0.01145963091403246
-0.01145963091403246
-0.01145963091403246
-0.01145963091403246
-0.01145963091403246
-0.01145963091403246
-0.01145963091403246
-0.01145963091403246
-0.01145963091403246
-0.01145963091403246
-0.01145963091403246
0.1842163524681739
1.2434549820664174
3.0422837518484274
4.394412432395506
3.6958181247297746
1.825389054874141
0.35440182152989447
-0.010146222581319949
-0.01145963091403246
-0.01145963091403246
-0.01145963091403246
-0.01145963091403246
-0.01145963091403246
-0.01145963091403246
-0.01145963091403246
-0.01145963091403246
-0.01145963091403246
-0.01145963091403246
-0.01145963091403246
-0.01145963091403246
-0.01145963091403246
-0.01145963091403246
-0.01145963091403246
-0.01145963091403246
-0.01145963091403246
-0.01145963091403246
-0.01145963091403246
-0.01145963091403246
0.4678570948869866
2.034098314234585
3.810156475843898
4.673106371702662
3.4448376355692742
1.6297979232617745
0.24280332039457325
-0.01145963091403246
-0.01145963091403246
-0.01145963091403246
-0.01145963091403246
-0.01145963091403246
-0.01145963091403246
-0.01145963091403246
-0.01145963091403246
-0.01145963091403246
-0.01145963091403246
-0.01145963091403246
-0.01145963091403246
-0.01145963091403246
-0.01145963091403246
-0.01145963091403246
-0.01145963091403246
-0.01145963091403246
-0.01145963091403246
-0.01145963091403246
-0.01145963091403246
-0.01145963091403246
0.6807476822542502
2.5066647080120212
4.00169954643603
3.973391748223381
2.3768759801582084
0.9263686337197821
0.12874981157992985
-0.01145963091403246
-0.01145963091403246
-0.01145963091403246
-0.01145963091403246
-0.01145963091403246
-0.01145963091403246
-0.01145963091403246
-0.01145963091403246
-0.01145963091403246
-0.01145963091403246
-0.01145963091403246
-0.01145963091403246
-0.01145963091403246
-0.01145963091403246
-0.01145963091403246
-0.01145963091403246
-0.01145963091403246
-0.01145963091403246
-0.01145963091403246
-0.01145963091403246
-0.01145963091403246
0.4137962963541641
1.3518238116019203
2.1753012084968244
2.105278947470965
1.0681674789454716
0.35293018238290264
0.041076702394467944
-0.01145963091403246
-0.01145963091403246
-0.01145963091403246
-0.01145963091403246
-0.01145963091403246
-0.01145963091403246
-0.01145963091403246
-0.01145963091403246
-0.01145963091403246
-0.01145963091403246
-0.01145963091403246
-0.01145963091403246
-0.01145963091403246
-0.01145963091403246
-0.01145963091403246
-0.01145963091403246
-0.01145963091403246
-0.01145963091403246
-0.01145963091403246
-0.01145963091403246
-0.01145963091403246
0.23294580443305712
0.6358783005974163
0.8474727397346322
0.5882371469346039
0.2803926963906954
0.012181719074792721
-0.01145963091403246
-0.01145963091403246
-0.01145963091403246
-0.01145963091403246
-0.01145963091403246
-0.01145963091403246
-0.01145963091403246
-0.01145963091403246
-0.01145963091403246
-0.01145963091403246
-0.01145963091403246
-0.01145963091403246
-0.01145963091403246
7.414018909912556e-08
7.414018909912556e-08
7.414018909912556e-08
7.414018909912556e-08
7.414018909912556e-08
7.414018909912556e-08
7.414018909912556e-08
7.414018909912556e-08
7.414018909912556e-08
7.414018909912556e-08
7.414018909912556e-08
7.414018909912556e-08
7.414018909912556e-08
7.414018909912556e-08
7.414018909912556e-08
7.414018909912556e-08
7.414018909912556e-08
7.414018909912556e-08
7.414018909912556e-08
7.414018909912556e-08
7.414018909912556e-08
7.414018909912556e-08
7.414018909912556e-08
7.414018909912556e-08
7.414018909912556e-08
7.414018909912556e-08
7.414018909912556e-08
7.414018909912556e-08
7.414018909912556e-08
7.414018909912556e-08
7.414018909912556e-08
7.414018909912556e-08
7.414018909912556e-08
7.414018909912556e-08
7.414018909912556e-08
7.414018909912556e-08
7.414018909912556e-08
7.414018909912556e-08
7.414018909912556e-08
7.414018909912556e-08
7.414018909912556e-08
7.414018909912556e-08
7.414018909912556e-08
7.414018909912556e-08
7.414018909912556e-08
7.414018909912556e-08
7.414018909912556e-08
7.414018909912556e-08
7.414018909912556e-08
7.414018909912556e-08
7.414018909912556e-08
7.414018909912556e-08
7.414018909912556e-08
7.414018909912556e-08
7.414018909912556e-08
7.414018909912556e-08
7.414018909912556e-08
7.414018909912556e-08
7.414018909912556e-08
7.414018909912556e-08
7.414018909912556e-08
7.414018909912556e-08
7.414018909912556e-08
7.414018909912556e-08
7.414018909912556e-08
7.414018909912556e-08
7.414018909912556e-08
7.414018909912556e-08
7.414018909912556e-08
7.414018909912556e-08
7.414018909912556e-08
7.414018909912556e-08
7.414018909912556e-08
7.414018909912556e-08
7.414018909912556e-08
7.414018909912556e-08
7.414018909912556e-08
7.414018909912556e-08
7.414018909912556e-08
7.414018909912556e-08
7.414018909912556e-08
7.414018909912556e-08
7.414018909912556e-08
7.414018909912556e-08
7.414018909912556e-08
7.414018909912556e-08
7.414018909912556e-08
7.414018909912556e-08
7.414018909912556e-08
7.414018909912556e-08
7.414018909912556e-08
7.414018909912556e-08
7.414018909912556e-08
7.414018909912556e-08
7.414018909912556e-08
7.414018909912556e-08
7.414018909912556e-08
7.414018909912556e-08
7.414018909912556e-08
7.414018909912556e-08
7.414018909912556e-08
7.414018909912556e-08
7.414018909912556e-08
7.414018909912556e-08
7.414018909912556e-08
7.414018909912556e-08
7.414018909912556e-08
7.414018909912556e-08
7.414018909912556e-08
7.414018909912556e-08
7.414018909912556e-08
7.414018909912556e-08
7.414018909912556e-08
7.414018909912556e-08
7.414018909912556e-08
7.414018909912556e-08
7.414018909912556e-08
7.414018909912556e-08
7.414018909912556e-08
7.414018909912556e-08
7.414018909912556e-08
7.414018909912556e-08
7.414018909912556e-08
7.414018909912556e-08
7.414018909912556e-08
7.414018909912556e-08
7.414018909912556e-08
7.414018909912556e-08
7.414018909912556e-08
7.414018909912556e-08
7.414018909912556e-08
7.414018909912556e-08
7.414018909912556e-08
7.414018909912556e-08
7.414018909912556e-08
7.414018909912556e-08
7.414018909912556e-08
7.414018909912556e-08
7.414018909912556e-08
7.414018909912556e-08
7.414018909912556e-08
7.414018909912556e-08
7.414018909912556e-08
7.414018909912556e-08
7.414018909912556e-08
7.414018909912556e-08
7.414018909912556e-08
7.414018909912556e-08
7.414018909912556e-08
7.414018909912556e-08
7.414018909912556e-08
7.414018909912556e-08
7.414018909912556e-08
7.414018909912556e-08
7.414018909912556e-08
7.414018909912556e-08
7.414018909912556e-08
7.414018909912556e-08
7.414018909912556e-08
7.414018909912556e-08
7.414018909912556e-08
7.414018909912556e-08
7.414018909912556e-08
7.414018909912556e-08
7.414018909912556e-08
7.414018909912556e-08
7.414018909912556e-08
7.414018909912556e-08
7.414018909912556e-08
7.414018909912556e-08
7.414018909912556e-08
7.414018909912556e-08
7.414018909912556e-08
0.016392156642049325
0.2256949069741477
0.48064920218512625
0.45895848624807284
0.41321909420299097
0.20008919804372544
0.10415770918383821
0.013742112221863114
7.414018909912556e-08
7.414018909912556e-08
7.414018909912556e-08
7.414018909912556e-08
7.414018909912556e-08
7.414018909912556e-08
7.414018909912556e-08
7.414018909912556e-08
7.414018909912556e-08
7.414018909912556e-08
7.414018909912556e-08
7.414018909912556e-08
7.414018909912556e-08
7.414018909912556e-08
7.414018909912556e-08
7.414018909912556e-08
7.414018909912556e-08
7.414018909912556e-08
7.414018909912556e-08
7.414018909912556e-08
0.17214857277001155
1.0466409325157477
1.6472298272242314
1.8559157194602303
1.6254868504605622
1.334432630240525
0.9335632425455068
0.6753545383754481
0.5611180740970774
0.5611180740970774
0.5611180740970774
0.5611180740970774
0.5611180740970774
0.5611180740970774
0.5556540465964573
0.46942933270412834
0.18226026476266838
0.01984968470260712
7.414018909912556e-08
7.414018909912556e-08
7.414018909912556e-08
7.414018909912556e-08
7.414018909912556e-08
7.414018909912556e-08
7.414018909912556e-08
7.414018909912556e-08
7.414018909912556e-08
7.414018909912556e-08
0.2857881586921733
1.151748216049536
2.281073936629721
2.3569261451704415
2.474551811404864
2.4130328372409116
2.3657587071401984
2.20049440086433
1.9964263857137505
2.050811213619761
2.0618811887411095
2.061100613383878
2.047974344064984
2.0039277412869936
2.009395917972121
1.7449615013215638
1.006297690187207
0.19474030246590202
7.414018909912556e-08
7.414018909912556e-08
7.414018909912556e-08
7.414018909912556e-08
7.414018909912556e-08
7.414018909912556e-08
7.414018909912556e-08
7.414018909912556e-08
7.414018909912556e-08
7.414018909912556e-08
-0.07631684946410293
0.6068690213936969
1.1433942900418819
1.262922127150045
1.330085539510629
1.679999599882977
2.071528732790858
2.27193319892435
2.183095035131848
2.2773559787690223
2.3763886607741194
2.3686929116642528
2.300905671335511
2.228441200229659
2.731418186323508
2.7545366127259174
1.6679224908786243
0.47538992533165375
7.414018909912556e-08
7.414018909912556e-08
7.414018909912556e-08
7.414018909912556e-08
7.414018909912556e-08
7.414018909912556e-08
7.414018909912556e-08
7.414018909912556e-08
7.414018909912556e-08
7.414018909912556e-08
-0.054044011133366585
0.04916602190471667
0.25227014286513927
0.17919333803556048
0.18410802861892045
0.3057889620897399
0.5882854675979757
0.8259078566200175
0.8527530996672831
0.8760779460705546
1.0504922718828382
1.041449587645676
0.9876645940187683
1.351548861025203
2.2566789464327215
2.70587514517607
1.639603334065938
0.4416529049325975
7.414018909912556e-08
7.414018909912556e-08
7.414018909912556e-08
7.414018909912556e-08
7.414018909912556e-08
7.414018909912556e-08
7.414018909912556e-08
7.414018909912556e-08
7.414018909912556e-08
7.414018909912556e-08
7.414018909912556e-08
7.414018909912556e-08
7.414018909912556e-08
7.414018909912556e-08
7.414018909912556e-08
-0.01371260421280264
-0.017430421140656398
0.14554210145936797
0.044625886909125265
0.10175247418782794
0.1573075654894281
0.16805375506149123
0.39997892394330486
1.097534921881807
2.180341973783531
2.224804338622519
1.1345972235146273
0.16002143836157498
7.414018909912556e-08
7.414018909912556e-08
7.414018909912556e-08
7.414018909912556e-08
7.414018909912556e-08
7.414018909912556e-08
7.414018909912556e-08
7.414018909912556e-08
7.414018909912556e-08
7.414018909912556e-08
7.414018909912556e-08
7.414018909912556e-08
7.414018909912556e-08
7.414018909912556e-08
7.414018909912556e-08
7.414018909912556e-08
7.414018909912556e-08
7.414018909912556e-08
7.414018909912556e-08
7.414018909912556e-08
7.414018909912556e-08
0.05891392058562333
0.6867153458293329
1.6794147066183702
2.4988793472298974
1.7837161831261652
0.49931978260438153
0.018867840997336315
7.414018909912556e-08
7.414018909912556e-08
7.414018909912556e-08
7.414018909912556e-08
7.414018909912556e-08
7.414018909912556e-08
7.414018909912556e-08
7.414018909912556e-08
7.414018909912556e-08
7.414018909912556e-08
7.414018909912556e-08
7.414018909912556e-08
7.414018909912556e-08
7.414018909912556e-08
7.414018909912556e-08
7.414018909912556e-08
7.414018909912556e-08
7.414018909912556e-08
7.414018909912556e-08
7.414018909912556e-08
0.01151356065935283
0.3618525375626418
1.2080413210767909
2.346015408123433
2.310418205561783
1.2236920095391886
0.20656210971482164
7.414018909912556e-08
7.414018909912556e-08
7.414018909912556e-08
7.414018909912556e-08
7.414018909912556e-08
7.414018909912556e-08
7.414018909912556e-08
7.414018909912556e-08
7.414018909912556e-08
7.414018909912556e-08
7.414018909912556e-08
7.414018909912556e-08
7.414018909912556e-08
7.414018909912556e-08
7.414018909912556e-08
7.414018909912556e-08
7.414018909912556e-08
7.414018909912556e-08
7.414018909912556e-08
7.414018909912556e-08
7.414018909912556e-08
0.11643953110033894
0.7766819718563841
1.9065126053838917
2.4118330743671215
1.6615935889963596
0.5125311870050949
0.04612128201321563
7.414018909912556e-08
7.414018909912556e-08
7.414018909912556e-08
7.414018909912556e-08
7.414018909912556e-08
7.414018909912556e-08
7.414018909912556e-08
7.414018909912556e-08
7.414018909912556e-08
7.414018909912556e-08
7.414018909912556e-08
7.414018909912556e-08
7.414018909912556e-08
7.414018909912556e-08
7.414018909912556e-08
7.414018909912556e-08
7.414018909912556e-08
7.414018909912556e-08
7.414018909912556e-08
7.414018909912556e-08
0.0017563686939598376
0.21670245723942252
1.1636089429985825
2.320840698436387
2.1420064279111743
0.9397439006931223
0.07857548820874774
7.414018909912556e-08
7.414018909912556e-08
7.414018909912556e-08
7.414018909912556e-08
7.414018909912556e-08
7.414018909912556e-08
7.414018909912556e-08
7.414018909912556e-08
7.414018909912556e-08
7.414018909912556e-08
7.414018909912556e-08
7.414018909912556e-08
7.414018909912556e-08
7.414018909912556e-08
7.414018909912556e-08
7.414018909912556e-08
7.414018909912556e-08
7.414018909912556e-08
7.414018909912556e-08
7.414018909912556e-08
7.414018909912556e-08
0.03839104428263775
0.5638174983358434
1.6550287095497223
2.3040446986604723
1.5460249108861055
0.364149363294728
0.00524112048939666
7.414018909912556e-08
7.414018909912556e-08
7.414018909912556e-08
7.414018909912556e-08
7.414018909912556e-08
7.414018909912556e-08
7.414018909912556e-08
7.414018909912556e-08
7.414018909912556e-08
7.414018909912556e-08
7.414018909912556e-08
7.414018909912556e-08
7.414018909912556e-08
7.414018909912556e-08
7.414018909912556e-08
7.414018909912556e-08
7.414018909912556e-08
7.414018909912556e-08
7.414018909912556e-08
7.414018909912556e-08
0.014635862088278587
0.4042410370177665
1.2035533210660478
2.1532115279163384
2.06085909060072
0.8984255206201174
0.0607962117909968
7.414018909912556e-08
7.414018909912556e-08
7.414018909912556e-08
7.414018909912556e-08
7.414018909912556e-08
7.414018909912556e-08
7.414018909912556e-08
7.414018909912556e-08
7.414018909912556e-08
7.414018909912556e-08
7.414018909912556e-08
7.414018909912556e-08
7.414018909912556e-08
7.414018909912556e-08
7.414018909912556e-08
7.414018909912556e-08
7.414018909912556e-08
7.414018909912556e-08
7.414018909912556e-08
7.414018909912556e-08
0.003707807087038436
0.20103476383483213
1.028477910934902
1.956747187016249
2.3678717010595802
1.5091535579190118
0.3456595697089321
7.414018909912556e-08
7.414018909912556e-08
7.414018909912556e-08
7.414018909912556e-08
7.414018909912556e-08
7.414018909912556e-08
7.414018909912556e-08
7.414018909912556e-08
7.414018909912556e-08
7.414018909912556e-08
7.414018909912556e-08
7.414018909912556e-08
7.414018909912556e-08
7.414018909912556e-08
7.414018909912556e-08
7.414018909912556e-08
7.414018909912556e-08
7.414018909912556e-08
7.414018909912556e-08
7.414018909912556e-08
0.0005855056581126787
0.07552480241792378
0.8353508698147469
1.648705998062695
2.508793444609717
1.994926911577482
0.8360590365437484
0.05974800252115529
7.414018909912556e-08
7.414018909912556e-08
7.414018909912556e-08
7.414018909912556e-08
7.414018909912556e-08
7.414018909912556e-08
7.414018909912556e-08
7.414018909912556e-08
7.414018909912556e-08
7.414018909912556e-08
7.414018909912556e-08
7.414018909912556e-08
7.414018909912556e-08
7.414018909912556e-08
7.414018909912556e-08
7.414018909912556e-08
7.414018909912556e-08
7.414018909912556e-08
7.414018909912556e-08
7.414018909912556e-08
0.012016488830440543
0.4389213824531194
1.4098327249430724
2.495177639786711
2.2008203346789634
1.3288189756954
0.2691078883025743
7.414018909912556e-08
7.414018909912556e-08
7.414018909912556e-08
7.414018909912556e-08
7.414018909912556e-08
7.414018909912556e-08
7.414018909912556e-08
7.414018909912556e-08
7.414018909912556e-08
7.414018909912556e-08
7.414018909912556e-08
7.414018909912556e-08
7.414018909912556e-08
7.414018909912556e-08
7.414018909912556e-08
7.414018909912556e-08
7.414018909912556e-08
7.414018909912556e-08
7.414018909912556e-08
7.414018909912556e-08
0.006049533158732754
0.16954002186032407
0.8951343564568365
2.0417820430265503
2.378028626447407
1.6302287548046068
0.5128910089090342
0.036687398584642025
7.414018909912556e-08
7.414018909912556e-08
7.414018909912556e-08
7.414018909912556e-08
7.414018909912556e-08
7.414018909912556e-08
7.414018909912556e-08
7.414018909912556e-08
7.414018909912556e-08
7.414018909912556e-08
7.414018909912556e-08
7.414018909912556e-08
7.414018909912556e-08
7.414018909912556e-08
7.414018909912556e-08
7.414018909912556e-08
7.414018909912556e-08
7.414018909912556e-08
7.414018909912556e-08
7.414018909912556e-08
0.07349734233251308
0.7409834441743228
1.5886516501063974
2.47728613870654
1.9358059819272504
0.7632945771745191
0.08342947578566251
7.414018909912556e-08
7.414018909912556e-08
7.414018909912556e-08
7.414018909912556e-08
7.414018909912556e-08
7.414018909912556e-08
7.414018909912556e-08
7.414018909912556e-08
7.414018909912556e-08
7.414018909912556e-08
7.414018909912556e-08
7.414018909912556e-08
7.414018909912556e-08
7.414018909912556e-08
7.414018909912556e-08
7.414018909912556e-08
7.414018909912556e-08
7.414018909912556e-08
7.414018909912556e-08
7.414018909912556e-08
0.011903848337968549
0.36387560018390336
1.2293302480054418
2.407502392065483
2.76927308543893
1.5435904917029357
0.28379901172736616
0.0010482834100306111
7.414018909912556e-08
7.414018909912556e-08
7.414018909912556e-08
7.414018909912556e-08
7.414018909912556e-08
7.414018909912556e-08
7.414018909912556e-08
7.414018909912556e-08
7.414018909912556e-08
7.414018909912556e-08
7.414018909912556e-08
7.414018909912556e-08
7.414018909912556e-08
7.414018909912556e-08
7.414018909912556e-08
7.414018909912556e-08
7.414018909912556e-08
7.414018909912556e-08
7.414018909912556e-08
7.414018909912556e-08
0.11716510422634646
0.7406894837666542
1.91117619441089
2.8715435163643597
2.7701980341148893
1.371255670911149
0.2110748564930106
7.414018909912556e-08
7.414018909912556e-08
7.414018909912556e-08
7.414018909912556e-08
7.414018909912556e-08
7.414018909912556e-08
7.414018909912556e-08
7.414018909912556e-08
7.414018909912556e-08
7.414018909912556e-08
7.414018909912556e-08
7.414018909912556e-08
7.414018909912556e-08
7.414018909912556e-08
7.414018909912556e-08
7.414018909912556e-08
7.414018909912556e-08
7.414018909912556e-08
7.414018909912556e-08
7.414018909912556e-08
7.414018909912556e-08
0.15997976371431386
0.9512841482515011
2.38889419214359
2.819422211380758
2.1839274339666135
1.078815822901871
0.16319847087902684
7.414018909912556e-08
7.414018909912556e-08
7.414018909912556e-08
7.414018909912556e-08
7.414018909912556e-08
7.414018909912556e-08
7.414018909912556e-08
7.414018909912556e-08
7.414018909912556e-08
7.414018909912556e-08
7.414018909912556e-08
7.414018909912556e-08
7.414018909912556e-08
7.414018909912556e-08
7.414018909912556e-08
7.414018909912556e-08
7.414018909912556e-08
7.414018909912556e-08
7.414018909912556e-08
7.414018909912556e-08
7.414018909912556e-08
0.08796967085338608
0.7453110648570859
1.7451036360183934
1.8655104991702056
1.3032254717363614
0.36272076080495735
0.04192844493384958
7.414018909912556e-08
7.414018909912556e-08
7.414018909912556e-08
7.414018909912556e-08
7.414018909912556e-08
7.414018909912556e-08
7.414018909912556e-08
7.414018909912556e-08
7.414018909912556e-08
7.414018909912556e-08
7.414018909912556e-08
7.414018909912556e-08
7.414018909912556e-08
7.414018909912556e-08
7.414018909912556e-08
7.414018909912556e-08
7.414018909912556e-08
7.414018909912556e-08
7.414018909912556e-08
7.414018909912556e-08
7.414018909912556e-08
-0.09760193060757563
0.049977843711381226
0.4948595070805787
0.6877283400614639
0.2548926467254633
0.018867840997336315
7.414018909912556e-08
7.414018909912556e-08
7.414018909912556e-08
7.414018909912556e-08
7.414018909912556e-08
7.414018909912556e-08
7.414018909912556e-08
7.414018909912556e-08
7.414018909912556e-08
7.414018909912556e-08
7.414018909912556e-08
7.414018909912556e-08
7.414018909912556e-08
