0.0
0.0
0.0
0.0
1.066
0.0
0.691
0.0
0.0
0.0
0.3499
0.1821
0.0
0.1669
0.5713
0.0
0.0
0.2654
0.0
0.0
1.273
0.0
0.0
0.545
1.803
0.0
0.0
0.0
0.3486
0.0
0.0
0.0
0.0
0.0
1.234
0.2935
0.1965
0.0
0.0
0.0
0.0
1.804
0.0
0.01489
0.3564
0.393
0.2291
0.0
0.0
0.3643
1.775
0.0
0.573
0.599
0.0
0.0
0.0
0.648
1.112
1.412
1.009
0.581
0.0
0.0
0.9272
0.2578
0.0
0.0
1.061
0.8525
1.237
0.0
0.0
0.6543
0.0
0.3223
2.11
0.0
0.1139
1.494
0.0
0.888
0.0
0.1381
0.6895
0.0
0.6157
0.0
0.912
0.0
0.5156
1.505
0.6763
1.371
0.0
0.559
0.0
0.0
0.0
0.0
0.0
2.555
0.0
1.494
0.0
0.0
0.2433
1.134
0.0
1.074
0.0
0.7134
0.0
0.0
0.0
0.0
0.6997
1.486
0.5205
0.0
0.1522
0.0
0.0
0.1627
0.2642
0.2551
0.0
0.4934
0.0
0.02473
0.2893
1.53
1.206
1.412
0.0
1.138
0.6035
0.007195
0.0
0.0
0.0
0.0193
1.447
0.0
0.3406
0.0
0.0
0.1071
0.003757
0.0
0.1035
0.0
0.0
0.4775
0.0
0.0
0.0
0.0
0.4849
0.0
0.4565
0.0
0.3118
1.121
0.11414
0.0
1.949
0.0
1.049
0.0
0.2422
0.806
0.0
1.186
0.0
0.207
0.7866
0.4385
1.323
0.0004888
1.751
0.0
1.223
0.0
0.3806
1.244
0.1605
0.0
0.0
0.0
0.0
0.0
0.92
0.273
0.0
0.2822
0.0
0.3184
0.0
0.528
0.09314
0.0
1.523
0.0
0.0
0.4377
0.0
0.9434
0.549
1.713
0.6963
0.0
0.0
1.41
0.272
0.0
0.0
0.0
0.3403
0.2332
0.0
1.17
0.0
0.6787
0.0
0.0
1.44
0.7056
0.2935
0.0
0.3733
0.0
0.0
0.0
0.0
0.0
0.641
0.1433
0.0
1.729
0.0
0.3901
0.3408
0.0
1.377
0.0
0.0
0.5703
1.506
0.0
0.0
0.7256
0.0
1.145
0.0
0.0
0.0
0.0
0.0
0.0
0.4868
0.0
0.0
1.05
1.099
0.0
0.55
0.10645
0.0
0.0
1.241
0.6284
0.0
0.4902
0.594
0.0
0.0
1.468
0.0
0.0
2.992
0.0
0.734
0.207
0.0
0.0
0.7593
0.0
0.0
1.051
0.6074
0.0
1.106
0.0
0.0
0.0
0.0
0.0
1.043
0.5986
1.134
0.3083
0.0658
0.0
0.0
0.0
0.0
0.0
0.0
0.5083
0.0
0.3477
0.3533
0.0
0.001594
0.0
0.0
1.404
0.7627
2.162
1.524
0.4404
1.907
0.0
0.535
0.0
0.0
0.4807
0.0
1.573
0.0
0.4587
0.8296
0.0
0.43
0.0
0.0
0.7007
0.0
0.3005
0.0
1.318
0.2866
0.8467
1.118
0.0
0.4521
1.2295
0.0
0.2986
1.337
0.544
0.516
0.279
0.0
0.0
0.0
1.537
0.0
0.732
0.2455
0.616
0.437
0.2627
0.8467
2.176
0.0
0.0
0.0
0.0
0.00833
0.0911
0.0
0.0631
0.5884
0.0
0.6724
2.016
0.714
1.024
0.3445
0.0
0.0
1.911
0.0
0.5283
0.1813
1.192
0.0
2.473
0.0
2.066
0.2915
0.0
0.9116
1.04
0.0
0.0
0.0
0.0
0.3591
0.3494
1.167
0.0
0.71
1.395
0.0
0.3884
0.10266
0.1321
0.0
0.0
0.3875
0.0
0.7915
0.0
0.595
1.025
0.4731
0.3325
0.708
0.9634
0.0
0.822
0.1109
0.0
0.0
0.753
0.0
1.528
0.15
0.0
1.076
0.0
1.447
0.9004
0.0
1.224
0.0
0.0
0.03748
0.01752
0.7134
0.0
0.0
0.5874
1.314
0.7397
0.0
0.0
2.555
0.0
0.2625
0.0
0.0
0.3418
0.0
0.0
0.0
1.246
0.0
0.759
0.0
0.0
0.0
0.0
1.988
0.2805
0.0
0.0
1.359
0.0
0.785
0.0
0.0
0.0
1.683
0.5454
0.7554
1.572
2.604
0.0
2.254
0.0
0.0
0.0
0.0
0.422
0.3132
1.038
0.0
1.357
0.2646
1.173
0.0
0.0
0.3604
0.0
0.0
1.386
0.0
0.2375
1.027
0.0
0.0
0.706
0.0
0.854
0.0
0.0
1.535
0.01924
1.598
1.225
0.0
0.0
0.03041
0.0
0.0
0.392
0.373
0.534
0.4817
0.0
0.0
0.0
0.0
0.0
0.0
0.07855
0.0
0.56
0.0
1.11
0.0
0.0
2.188
1.435
0.0
0.485
1.283
0.0
1.392
0.758
1.464
0.6562
0.1274
0.0
0.0
1.814
0.753
0.0
0.0
0.0
1.632
0.0
0.0
0.0
1.741
0.928
0.5713
0.0
0.0
1.013
0.626
0.2197
1.552
0.0
1.089
0.0
0.0
0.0
0.4102
0.901
0.0
0.0
0.0
0.628
0.3318
0.0
0.0
1.763
2.062
0.0354
0.0
0.742
1.748
0.0
0.7744
0.8223
1.135
1.789
0.0
0.0
0.0
0.0
0.0
0.1643
0.2954
1.113
0.575
2.262
0.1004
0.0
0.1064
0.0
0.0
0.877
0.5854
1.043
0.0
0.612
0.0
0.0
0.2487
0.478
0.0
1.175
0.1812
0.4336
0.0
0.492
0.0
0.0
0.3274
0.0
1.404
0.0
0.0
0.0
0.02072
0.0
0.0
0.04016
1.426
0.994
0.8984
0.0
0.0
0.07666
0.1958
0.6655
0.804
1.606
0.0
0.844
0.0
1.42
0.0
1.914
0.915
0.0
0.0
0.0
0.0
0.044
0.0
1.233
0.0
0.792
0.0
0.0
0.0
0.0
0.541
1.376
0.0
1.223
0.0
0.0
0.0
0.4817
0.931
0.615
0.0
0.3152
1.154
0.0
0.3962
0.4514
0.0
0.7544
1.116
1.756
0.10693
0.0
1.977
0.0
1.564
0.0
0.0
0.0
0.8374
1.524
0.0
0.0
0.0
0.0
0.0
0.841
0.0
1.438
0.0
0.6675
0.0
0.2452
0.0
0.0
0.7734
1.324
0.0
0.0
0.8677
0.0
0.1247
1.189
0.0
0.0
0.0
0.6606
0.1558
0.0816
1.145
0.0
0.329
0.714
0.0
0.0
0.177
0.8853
0.8013
0.9395
0.0
1.643
0.11664
0.0
0.0693
0.0
0.0
0.0694
1.939
0.0
0.779
0.0
0.523
0.0
0.0
0.8687
1.119
0.666
0.504
0.0
0.2725
0.4958
0.00819
0.0
0.0
0.2783
1.521
1.323
1.381
0.0
0.0
0.702
0.0
0.0
0.62
0.0
0.0
0.0
0.165
0.0
0.372
1.042
0.0
0.298
0.2393
1.18
0.1626
0.0
0.0
0.0
0.0
0.0
0.0
0.0
0.0
0.67
1.364
0.3696
0.0
1.433
0.0
0.0
0.0
0.0
0.834
1.182
0.0
0.0
0.0
0.0
0.0
0.3462
0.0
0.3281
0.0
0.815
0.0
0.722
0.0
0.013176
0.4812
0.9146
0.55
0.0
1.486
0.1553
0.848
0.978
0.0
0.0
0.0
0.0
1.291
0.0096
0.217
1.072
0.0
1.294
0.577
0.8223
0.1372
0.4712
0.0
1.083
0.0
0.0
0.6694
0.0
0.0
0.0
0.0
2.234
0.0
0.0
0.6235
0.432
0.0
0.0
1.385
1.366
0.0
0.8477
0.0
0.0
0.0
0.467
2.312
1.998
0.0
0.0
0.0
0.3154
0.0
0.0
0.4268
0.8247
0.0
0.0
0.0
1.552
0.0
0.0
1.375
0.0
0.0
0.0
0.0
0.0
0.0
0.0
0.0
0.0
1.219
0.0
0.0
0.9253
0.5503
1.026
0.0
0.3892
0.0
0.0
0.2588
1.887
0.3618
0.0
0.0
0.0
1.098
0.253
0.0
0.5503
0.0
0.0
1.573
0.0
0.777
0.1033
0.007866
0.348
0.482
0.0
0.0771
0.975
0.0
0.9404
0.758
1.181
0.0
1.107
1.926
0.0952
0.0
1.03
1.07
0.5986
0.0
2.332
0.0
0.0
0.0
0.0
1.036
1.409
0.6724
0.0
1.035
0.0
0.0
0.407
0.5537
1.024
0.0
0.0
0.0
0.0
4.09
0.6206
0.0
0.0
0.0
0.1395
1.296
0.0
0.03558
0.0
0.0
1.164
0.0
0.193
0.0
0.1505
0.3584
0.0
0.0
0.0
0.0
0.0
1.764
1.5
0.0
0.0
0.1097
1.213
0.2233
0.1597
0.0
0.0
0.0
1.1455
0.0
0.0
0.0
0.0
0.798
0.349
0.0
1.576
0.4028
0.0
0.0
2.365
1.449
0.383
2.1
0.6313
0.7217
0.0
2.22
0.0
0.884
1.382
1.215
1.463
0.0
1.481
0.0
0.0
0.2412
1.496
0.8525
0.0
0.0
0.0
0.0
0.0
0.0
0.0
0.6226
1.318
0.0
0.0
0.0
0.83
0.0
0.0
0.0
0.2537
0.0
0.1705
0.0
0.103
2.291
0.8916
0.28
0.0
0.0
0.0
0.0
0.0
0.2075
0.7456
0.827
1.063
3.082
1.779
0.253
0.0
0.36
0.0
1.63
0.0
0.538
0.0
0.0
0.716
1.286
0.0
0.0
1.303
0.0
0.0
0.1477
1.002
0.05386
0.0
0.2769
0.1971
0.3616
0.0762
0.0823
0.0
0.677
0.02972
0.4353
0.0
2.008
0.04343
0.3782
0.0
0.0
0.0
0.0
0.0
0.0
0.0
0.8667
0.1256
0.0
0.1824
0.0
0.0
0.1266
0.2148
0.0
0.2065
0.0
0.0
0.0
0.0
0.4153
1.0625
0.0
0.155
0.0
1.543
0.0
0.00903
1.329
0.0
0.0
0.5854
1.109
0.0
0.3787
0.545
1.062
0.8247
0.0
0.5547
2.26
0.0
0.976
1.489
0.0
0.7725
0.0
0.0
0.591
0.0
0.0
1.576
0.0
0.771
0.0
0.0
0.0
0.575
0.4768
0.4807
1.865
0.1691
0.3582
0.0
0.0
0.3525
0.05084
1.293
0.0
0.0
0.0
0.2463
0.3105
0.0
0.859
2.033
0.0
0.0
0.608
0.82
1.028
0.0
0.542
0.514
0.0
0.656
0.0
0.576
0.7773
0.0
0.0
0.1561
0.9604
0.887
0.9014
0.0
0.5615
0.0
0.0
0.0
0.0
1.086
0.0
0.0
0.0
0.216
0.0
0.0
0.0
0.3555
0.0
0.0
0.0
0.0
0.0
0.3767
0.5815
0.4434
0.2396
0.835
0.0
0.0
0.0
0.0
0.0
0.35
0.0
0.0
0.0
0.2036
0.731
0.1769
0.0
0.0
0.338
0.6274
0.6953
0.0
0.0
1.317
0.637
1.434
0.1993
0.0
0.0
2.102
0.0
0.0
0.0
0.811
0.0
0.271
0.0
0.0
0.0
0.0
0.0
0.5264
0.0
0.0
0.0
0.2118
0.02324
0.0
0.358
0.0
0.1733
0.8154
0.2133
0.0
0.03128
0.0
0.0
0.0
0.4426
0.0401
0.0
0.9155
0.0
2.15
0.0
0.416
0.7905
0.5654
0.0
0.0
0.0
0.0
0.5986
1.004
0.0
1.197
0.0
0.0
0.1924
0.1636
0.0
1.585
0.0
0.0
1.8125
0.0
0.0
0.8477
0.6035
0.0
0.757
0.0
0.0
1.521
0.2961
1.423
0.0
0.0
0.0
0.0
0.3223
0.05255
0.0987
0.561
0.25
1.191
0.0
0.0
0.92
1.546
0.0
0.0
0.4783
0.0
0.0
0.358
0.0
1.179
0.0
0.0715
0.3735
0.0
0.0
1.047
0.0
0.03275
0.571
1.729
1.139
0.0
1.58
0.0
0.659
0.8857
1.277
0.0
0.0
1.117
0.0
0.4116
0.0
0.571
0.1617
0.0
0.0705
0.0
0.0
2.92
2.152
0.6357
0.0
0.8374
0.253
1.494
0.2637
1.336
0.0
1.223
0.317
0.0
0.0
0.0
0.0
0.9624
0.0
0.434
1.392
0.0
0.4944
0.0
0.0
2.969
0.89
0.443
0.3037
0.0
0.1661
0.0
0.709
0.0
1.484
0.7124
0.0
0.0
0.2252
0.78
0.0
0.0
0.679
0.718
0.4258
0.0
0.8267
0.0
0.0
0.0
0.3384
0.0
0.0
0.5625
0.0
1.102
0.0
0.0
0.0
0.0
0.0
0.0
0.2678
0.71
0.734
0.0
0.6787
1.069
0.918
0.0
0.0
0.0
0.8115
0.2876
2.012
0.0
0.0
0.0
0.0
1.967
1.624
0.5923
1.391
0.0
0.0
1.027
1.351
1.308
0.0
0.1493
0.655
0.0
0.0
0.5054
0.5625
0.010086
0.10486
0.0
0.226
0.823
0.0
0.0
0.0
0.0
0.0
0.4072
0.8325
0.8887
0.3608
0.4573
0.4604
1.561
0.0
0.0
1.308
0.0
0.888
0.0
0.814
0.2054
0.4995
0.2007
0.004986
0.0
0.0
0.0
0.751
0.0
0.0
0.92
1.851
0.0
0.6787
0.3481
0.0
0.1328
0.0
0.817
0.0
0.0
0.0
0.0
0.921
0.514
0.0
0.10706
0.10547
0.0
0.672
0.0
1.781
0.0
0.0
0.0
0.0
0.651
0.1926
0.0
0.0
0.1566
1.568
0.0748
0.846
0.795
0.276
0.0
0.01054
0.0
0.0
0.7944
0.01314
0.0
0.854
2.219
0.541
0.0
0.0
1.122
0.0
1.924
0.1609
1.184
0.0
0.0
0.0
0.11304
0.2844
0.0
0.0
0.4807
0.4436
1.899
1.537
1.331
0.3655
1.845
0.0
0.6353
0.6284
0.278
0.0
1.377
0.2056
0.04153
0.0
0.0
0.4626
0.0
0.0
1.044
0.0
0.476
0.3853
0.0
0.0
0.0
0.0
0.0
0.8853
0.0
0.75
0.0
0.0
0.7476
0.0
0.2178
0.0
0.4019
0.06665
2.248
0.0
1.228
0.0
0.0
0.0
0.9424
2.057
0.0
0.349
0.0
0.0
0.0
0.0
0.5107
0.9873
1.223
0.964
0.89
0.0
0.0
0.0
0.0
0.0
0.2693
0.0
0.0
0.3997
0.7456
0.0
0.0
0.0
0.0
0.0
0.0
0.1599
0.0
2.025
0.0
0.1687
0.0
0.0
0.0
1.275
0.0
0.0
0.0
0.5757
0.0
0.0
0.5205
0.0
0.0
0.0
0.729
0.5605
0.0
0.0
0.0
0.0
0.0
0.0
0.663
0.428
0.0
0.0
0.1523
0.0
0.97
0.0
1.124
1.018
0.0
0.0
0.0
0.0
0.0
0.4136
0.0
0.09186
0.001384
1.829
1.47
0.0
0.0
0.667
0.3376
0.0
1.589
0.957
0.3196
0.0
0.0
0.0
0.2937
1.621
1.128
0.823
1.93
0.0
0.961
0.7515
0.0
0.3435
0.0
1.341
0.0
1.207
1.159
0.03867
0.0
0.0
0.4824
0.8877
0.06476
0.0
0.0
1.624
1.3955
0.006935
0.1588
0.0
0.0
3.07
0.0
0.01672
0.979
0.2158
0.5845
0.0
1.354
0.9697
1.072
1.205
0.654
0.0
0.0
1.557
0.705
0.0
0.0
0.0
0.2216
1.758
0.0
0.0
0.0
0.3867
0.495
0.0
1.175
0.0
0.616
0.0
0.0
0.0
0.0
1.161
0.797
2.91
0.366
0.0
0.0
0.3618
2.29
0.0
0.0
0.0
0.2285
0.0
0.0
0.0
1.59
0.0
0.0
0.3823
0.12396
1.327
0.547
0.0
0.1776
0.643
0.0
0.0
0.0
0.0
0.1604
0.0
0.0
0.572
0.0
0.3064
1.351
0.0
0.0
0.2346
0.0
2.104
0.0
0.93
0.0
0.0
0.4167
0.0
0.8247
0.4119
0.276
0.8086
0.0
0.0918
1.701
1.018
0.0
0.1968
2.137
0.10425
0.5913
0.1019
0.0
0.0
0.3982
0.0
0.0
0.0
0.9165
1.43
0.3208
0.0
0.0972
0.0
0.0
0.0
0.907
0.0
0.902
0.0
0.0
1.053
0.03152
1.577
0.0
0.551
0.0
0.0
0.0
0.0
0.0
0.0
0.4644
0.0
0.0
0.0
0.0
0.0
0.7534
0.745
1.959
0.0
0.5796
0.0
0.9116
0.0
0.918
0.895
0.11444
0.0
0.8433
0.0
1.631
0.2151
0.0
0.3223
1.26
0.0
1.087
0.0
0.0
1.454
2.559
0.0
0.4512
0.3494
0.0
1.105
1.464
0.8096
0.0
0.0
0.0
0.0
1.511
0.0
0.9995
0.9614
1.37
0.0
0.0
1.564
0.4353
0.0
1.042
0.0
0.0
0.0
0.9087
0.0
0.0
0.648
0.6743
0.1168
0.0
0.7515
0.0
1.983
0.0
0.0
0.5117
0.2043
0.7974
0.0
0.0
1.263
0.0
0.0
0.0
1.3125
0.5166
0.0
0.2236
0.4229
0.0
0.0
0.0
0.2043
0.0
0.0
0.0
0.0
0.3174
0.0
2.016
0.0
0.3835
0.386
0.04648
0.0
0.876
0.0
0.0
0.0
0.436
0.8774
0.0
0.0
1.581
2.023
0.0
0.0
0.0
0.0
1.258
0.6895
2.326
0.0
0.0
0.0
0.3691
0.0
0.0
0.438
0.0
0.0
0.291
0.2173
0.0
0.0
0.0
1.622
0.0
0.0
0.4258
0.537
0.0
0.0
0.3916
0.0
0.0
2.367
0.0
0.0294
0.2408
0.0
0.06995
0.0
0.51
0.0
0.2512
0.9487
0.0
0.4958
1.783
0.1426
0.3662
1.112
0.813
0.0
0.523
0.0
1.487
0.0
0.813
0.4246
1.496
0.0
0.0
0.0
0.3137
0.0
0.0
0.0
0.0
0.0
1.322
0.0
0.0
0.0
0.0659
0.0
0.6743
0.0
0.0
0.459
0.0
0.3562
1.203
0.0
0.3037
0.0
0.8765
2.406
0.0
0.0
0.0
1.588
0.0
0.0
2.467
0.0
0.0
0.0
0.1058
0.0
0.6855
0.0
0.2905
0.3586
1.517
1.035
0.7354
0.6597
0.4407
1.012
0.0
0.0
0.2106
0.4067
2.027
1.59
1.373
0.0
0.0
0.9805
0.0
0.08234
0.0
0.0
0.1307
0.0
0.0
0.0
0.0
0.991
0.0
0.0
0.0
0.7695
0.0
0.35
1.474
0.0
0.8823
1.078
0.0
0.0
0.0
0.0
0.2239
0.0
0.0
0.1456
0.8516
1.2295
0.3586
0.1558
0.5874
0.2612
0.0
0.5317
0.001272
0.0
0.0
0.0
1.524
1.237
0.1537
0.2087
0.726
0.0
0.0
0.0
0.0
0.0
0.2135
0.0
0.0
0.0
0.0
1.303
2.695
0.0
0.0
0.0
0.0
0.0
1.459
0.5728
0.0
1.559
0.901
0.0
0.0
0.0
0.595
0.0
2.941
1.059
0.0
0.0
0.794
0.5635
1.319
1.119
0.228
0.0
0.0
0.08136
0.3223
2.645
0.6255
0.0
1.215
0.0
0.0
1.15
0.0
0.2499
0.564
2.023
0.0
0.7207
0.886
0.0812
0.0
0.0
0.939
1.353
0.3188
0.0
0.0
0.0
0.0
0.1807
1.747
0.4055
0.1105
0.0
0.2607
0.0
0.7007
0.0
0.05832
0.0
0.0
0.984
0.0
0.0
0.0
0.0
0.6284
0.648
0.1785
0.0
0.0
0.679
1.64
0.1793
0.0
0.11926
0.0
0.1115
0.2052
0.0
1.63
0.0
0.0919
0.0
0.0
0.0
0.892
0.0
1.452
0.908
0.8823
0.0
0.0
1.298
1.233
0.0
1.086
0.0
0.0
0.0
1.48
1.729
1.058
0.0
2.162
0.0
0.1984
0.0
1.424
0.0
0.0
0.0
0.0
0.0
0.0
0.553
0.0
0.0
0.0
0.0
0.965
0.8823
0.4558
1.973
0.0
0.0
0.0
1.57
2.172
0.423
0.0
0.0
0.0
0.4456
0.591
1.579
0.0634
0.0
0.0
0.1787
0.0
0.6094
0.0
0.549
0.0
0.1776
0.0457
0.0
1.718
0.0
0.289
0.8086
0.0
0.0
1.095
0.3726
0.0
0.0
0.0
0.0
0.0
0.5117
1.042
0.4526
1.375
0.0
0.0
1.026
0.0
0.0
0.0
0.0
2.1
0.0
0.547
0.0
0.0
0.0
0.2056
0.272
1.201
0.805
0.0
0.0
0.771
1.017
0.0
0.0
0.0
1.401
0.0
0.4836
0.2457
0.0
0.0
0.0
0.2268
0.838
0.0
1.073
0.0
0.0
0.0
0.0
0.3257
1.115
1.256
0.0869
0.0
0.5947
2.34
0.0
0.6514
1.4
0.09863
1.228
0.4673
0.0
0.9844
0.0
0.2783
0.0
0.501
0.0
1.596
0.893
1.088
0.0
0.1387
0.0
0.0
0.0
0.0
0.0
0.0
0.583
0.0
0.09717
0.0
0.264
0.0
0.0
0.09235
0.0
0.6074
0.0
0.36
0.2002
0.01221
0.741
0.0
0.0
0.0
1.387
1.188
0.3079
0.0
0.0
0.0
0.0
0.0
0.3723
0.0
0.0
0.0
0.1879
0.9067
0.0
1.466
0.3582
0.94
0.065
0.0
0.0
0.0
0.0
1.776
0.0
0.0
1.003
1.458
0.2756
0.5693
0.3342
1.234
0.0
1.117
0.0
0.3364
0.0
0.5596
0.0
0.0
0.0
0.0
0.0
0.0
0.0
0.4104
0.118
0.0
1.241
1.793
0.0
0.0
0.2966
0.0
0.0
0.00526
0.0
0.0
0.2717
0.0
0.0
0.0
0.7563
0.0
0.0
0.0
0.0
0.0
0.0
0.3486
0.0
0.0
0.2456
0.0
0.466
0.0
0.1941
0.498
1.366
0.1511
0.06015
0.0
0.0
0.0
0.0187
0.0
0.0
0.0
0.0
0.2568
0.0
0.2964
0.8657
1.84
0.6865
0.8916
0.0
2.95
2.064
0.0
0.4753
1.342
0.0
0.0
0.3447
0.0
0.0
0.0
0.0
0.0
0.0
0.542
0.471
0.0
0.1959
0.4893
1.849
0.6265
0.0
0.6045
1.299
0.0
0.798
0.0
0.0
0.0
0.0
0.0
0.0
0.0
0.0
0.0
1.61
0.0
1.289
0.0
0.0
1.544
0.0
0.0
0.0
0.0
0.0
0.0
0.06714
0.851
0.0
0.384
0.0
0.1292
0.0
0.0
0.0
0.2693
0.1558
0.0
0.7354
0.0
0.937
0.521
0.0
1.145
0.7695
0.0
0.1489
0.5454
0.0
0.0
0.0
0.6924
0.0
0.6714
0.0
0.0
0.0
0.9097
0.798
0.0
0.0
0.0
0.908
0.0
0.0
0.0
0.0
0.0
0.0
0.0
0.419
0.0
0.0
0.002296
1.426
1.181
0.0
1.116
0.0
0.0
0.0
0.0
1.158
0.0
0.3032
0.0
0.931
0.0
0.322
0.5327
0.0
0.3647
0.0
0.1383
0.0
0.0
0.0
0.0
1.106
0.0
0.0
0.0
0.0
0.0
1.681
1.543
0.2393
0.0
0.9194
0.5215
0.578
0.0
0.7373
0.0
0.0
0.0
0.0
0.5117
0.0
0.5967
0.0
0.0
0.0
0.0949
0.774
1.623
0.8525
0.0
0.0
0.0
1.136
0.0
0.6836
1.466
0.0
0.0
0.0
0.0
0.625
0.0
0.0838
0.0
0.99
0.0
0.0
0.8306
0.575
0.243
0.0
0.0
1.25
0.0
0.717
0.0
0.0
0.6357
0.1586
0.257
1.315
0.4766
0.3892
1.037
0.01022
0.728
0.0
0.849
1.056
0.1004
0.889
0.1447
0.695
0.8467
0.85
0.3477
0.0
0.0
0.1804
0.0
0.0
1.422
1.024
0.0
0.0
1.515
0.0
0.0
1.226
0.0926
0.0
0.0
0.05246
0.2588
0.8076
0.07214
0.8623
0.4407
0.809
1.464
0.3687
0.0
0.0
0.4626
0.0
0.0
0.0
0.0
0.0
0.0
0.949
0.3743
0.0
0.6094
0.0
0.0
0.08417
0.0
0.0
0.407
0.0
0.0
0.45
1.122
0.0
0.0
0.1797
0.8833
0.8525
0.0
0.0
0.4214
0.482
0.0
0.0
1.752
0.0
2.125
0.3748
0.0
0.0861
0.0
0.0
0.6455
1.215
0.5083
0.1971
1.93
0.019
0.6807
0.0
0.0
0.361
0.9824
0.0
0.2179
0.0
0.3147
1.509
0.865
0.9043
0.3457
1.433
0.0
0.0
0.6235
0.0398
0.0
0.379
0.552
0.0
0.0
0.852
0.0
0.0
1.379
0.6396
0.0
1.348
1.491
0.0
0.0
0.0
0.0
0.0
1.346
1.007
0.0
0.5977
0.659
0.0
0.219
1.962
0.0
0.0
0.7017
0.0
0.96
0.0927
0.634
0.0
0.052
0.0
0.744
0.0
0.0
0.1216
0.0
0.488
0.0
0.0
1.751
0.0
0.0
0.05853
0.289
0.709
1.352
0.0
0.0
0.5386
1.766
1.072
0.0
0.0
0.0
0.3645
0.1537
1.873
1.774
1.735
1.153
0.0
1.598
0.739
0.0
0.2502
1.726
0.0
0.0
0.0
0.0
2.723
0.0
0.327
1.717
0.0
1.2705
0.0
0.0
0.9443
0.6475
0.2964
0.7393
0.471
0.0
0.469
0.0
0.0
0.0
1.912
0.1948
1.379
0.0
0.3308
0.4827
0.7397
0.2717
1.39
0.0909
0.959
1.659
0.1372
0.0
0.0
0.0
0.5244
0.715
0.694
0.2837
0.0
0.0
0.0
0.0
0.1181
0.479
0.637
0.649
0.0
0.3328
1.296
1.723
0.0
0.0
0.0
0.0
0.0
0.0
0.0
0.0
0.0
1.396
0.922
0.8755
0.3196
0.0
0.356
1.185
0.188
0.0
0.0
0.0
0.0
0.0
0.0
0.0
0.0
1.742
0.0
1.798
0.0
2.057
0.1843
0.1781
0.0
0.0
0.07465
0.3855
0.1815
0.0
0.0
0.0
2.357
0.7417
0.0
0.8267
0.0
1.345
0.0
0.0
0.0
0.0603
0.0
1.128
1.854
2.041
0.0
0.695
0.1715
0.0785
0.7646
0.0
0.785
0.08185
0.0
0.1462
0.0
0.962
0.0
0.0
0.12366
0.0
0.0
0.0
0.0
0.692
0.593
0.4675
0.02196
0.3396
1.407
0.0
0.875
0.0
0.0
0.796
1.127
0.0
0.1272
0.0
0.0
1.784
0.7764
0.985
0.3755
1.236
0.6245
0.9634
0.0
0.0
0.0
0.3992
0.0
0.0
0.66
0.84
0.3794
1.299
0.0
0.05734
0.0
0.9224
0.073
1.432
0.541
0.0
0.0
0.0
0.0
0.2139
0.0
1.505
0.0
0.0
0.0
0.0
0.6064
2.508
0.0
0.0
2.264
0.0
0.0
0.6865
0.0
0.0
0.0
0.0
1.7705
0.0
0.2079
0.0
0.08386
0.397
0.0
0.0
1.891
0.8394
1.296
0.0
1.564
0.0
0.0
0.0
0.1343
0.0
0.0
0.536
0.3828
0.0
0.0
0.0
0.0
0.0
2.055
0.571
0.0
0.0
0.08966
0.0
0.7666
0.9404
0.0
0.0
0.2202
2.92
0.0
0.0
1.204
0.0
0.0
0.0
0.3274
0.0
0.1646
0.0
0.0
0.0
0.1108
0.517
1.094
3.08
0.0
0.2216
0.0
0.0
0.7466
0.0
0.0
0.2703
0.0
1.023
0.0
0.4229
0.0
0.01034
0.9
1.451
0.0
0.0
0.053
0.0
0.1943
0.176
0.0
0.0
0.2659
0.0
0.7124
0.0
0.0
0.0
1.53
0.1848
0.04175
0.0
0.0
0.0
0.814
0.0
0.0
0.0
0.4683
0.0
0.03827
0.7485
0.0
0.0
1.924
1.1875
0.0
0.0
0.0
0.0
0.0
0.0
0.0
0.0
0.853
0.4321
0.0
0.0
0.0
0.6924
0.0
0.0
0.0
0.0
0.0
0.0
0.7144
0.97
0.0
0.3289
0.0
1.298
1.373
1.618
0.0
0.0
0.2646
0.4248
1.099
0.0
0.0
0.0785
0.0
0.1648
0.0
0.7285
0.04807
0.4758
0.1256
0.0
0.0
0.0
2.488
0.0918
0.0
0.0
0.782
0.0
0.0
0.0
0.04602
0.0
0.0
0.0
2.424
0.2197
0.0
1.039
0.0
0.1217
0.0
0.0
0.0
1.749
0.0
0.0
1.142
0.0
0.0
0.0
0.4233
0.0
0.0
0.0
0.0
0.0
1.956
0.3088
0.0
0.0
0.0
0.0
0.2454
0.652
1.033
0.0
0.577
0.3525
0.3452
0.0
0.0
0.4214
1.1
1.234
0.973
0.0
0.0
0.0
0.1246
0.0
0.0
0.0
0.2131
0.0
0.5547
0.0
1.521
1.177
0.9565
1.69
0.0
0.0
0.269
0.0
0.0
0.4775
0.567
0.0
0.0
0.0
0.8145
0.0
1.184
0.0
0.4014
0.2368
1.249
0.5947
0.2583
0.3984
0.6646
0.0
2.28
0.9185
0.0
1.689
1.575
1.302
0.6475
0.0
0.0
1.23
1.14
0.0
0.5244
0.569
1.17
0.0
1.357
0.0
0.0
0.1486
0.0
0.0
0.79
0.0
0.0
0.0
1.13
0.0
2.002
1.023
0.0
0.97
0.0
1.642
0.0
0.666
0.0
1.244
0.0
0.0
0.576
0.08215
0.254
0.0
0.0
1.454
1.249
0.0
0.0
0.0
0.0
0.2081
0.0
0.0
1.543
0.0432
0.0
0.363
0.0
0.0
0.1292
0.0
2.1
0.0
0.0
0.686
1.417
0.0
0.0
0.0
0.4429
0.0
0.666
0.0
0.0
1.087
0.0
0.0
0.0
0.0
0.2842
0.02489
0.3933
0.0
0.0
0.3748
0.621
0.0
0.0
0.3174
0.0
0.0801
0.0
0.0
0.0
0.0
0.907
0.0
0.5205
0.12164
0.0
0.0
0.0
0.0
0.4355
0.0
0.899
0.0
0.1431
0.0
0.0
0.0
0.4229
2.896
0.2191
0.8755
0.0
0.7812
0.7573
0.7114
0.0
0.7886
1.344
1.087
0.04767
0.694
0.0
1.303
0.0
0.948
0.335
0.3447
0.0
0.2622
1.559
1.157
0.0
0.0
0.0
0.0
0.0
0.337
0.0
0.3616
0.0
0.721
0.0
0.761
0.0
0.0
0.09015
0.4944
0.0
0.0
0.0
0.0
2.518
0.0
0.0
0.12366
0.0
0.9844
0.969
0.0
0.0
0.0
0.0
1.197
1.466
0.1879
0.0
0.0
0.0
0.0
1.047
1.549
0.0
0.0
0.0
0.0
0.659
0.0
0.0
0.0
0.1987
1.483
1.475
0.2786
0.0
1.535
0.0
0.6123
0.1161
1.158
0.1222
0.0
0.0
0.0
0.0
0.0
0.5986
0.0
1.36
0.0
0.7373
0.0
0.3489
0.0
1.394
0.07385
0.3184
0.0
0.0
1.471
0.0
0.0
0.0
0.0
0.02315
0.0
0.9443
2.62
0.0
0.2249
0.0879
0.0
0.4973
0.0658
0.0
1.247
0.0
1.361
0.608
0.0948
1.021
0.4346
0.0
0.312
0.0
1.267
1.2
0.917
0.0
0.0622
0.07355
0.0
0.758
0.0
0.0
0.0
0.0
0.0
0.126
0.5166
1.471
0.2388
1.222
0.239
1.248
0.543
0.0
0.7954
0.506
0.0
0.0
0.3972
0.0
0.4878
0.6245
0.0572
0.5034
0.2983
0.0
0.0
1.293
0.0
0.0
0.0
0.2177
0.67
0.1412
0.02702
0.0
0.0
0.0
0.0
0.0
0.0
0.0
0.5283
0.0
0.0
0.0
0.0
1.426
0.694
0.6733
0.0
0.5513
0.0
0.0
1.666
0.0
0.0715
0.637
0.0
0.0
0.1587
1.075
0.0
0.1697
0.0
0.0
1.036
0.0
0.2986
1.658
1.366
0.0
0.4512
0.0
0.0
1.387
1.067
0.67
0.0
1.589
0.2131
0.0
0.0
0.0
0.9326
1.233
0.0
0.8384
0.0
1.706
0.0
0.2588
0.0
0.0
1.67
0.0
0.8364
1.46
0.6743
0.0
0.0
0.523
0.0
0.0
0.8613
0.0
0.4658
0.0
1.639
0.0363
1.68
0.0
1.254
1.259
0.9
0.1133
0.0
0.0
0.0
0.03696
1.741
0.0
0.0
0.0
0.0
0.03455
0.0
0.0
1.477
0.0
0.0
0.2637
0.0
0.9507
0.0
0.0
0.04465
0.0
0.0
0.607
1.94
0.0
1.449
0.263
0.727
1.476
0.0
0.589
0.0
1.307
0.7686
0.989
0.0
1.884
0.0
0.0
0.0
0.0
0.0
1.239
1.191
0.0
0.0
0.753
0.0
0.0
1.803
0.815
0.0
0.01903
0.0
0.581
0.0
0.0
0.0425
0.0
0.0
0.5215
0.0
2.162
0.0
0.0
1.037
1.463
0.0
0.204
0.44
0.767
0.0
1.029
0.0
0.0
0.584
1.171
0.0
0.473
3.508
2.633
0.0
0.0
0.0
0.0
0.0
0.0
0.0
0.0
1.438
0.2769
0.3413
0.25
0.2788
0.57
0.4395
1.811
0.1967
0.0
0.0
0.05917
0.0
0.0
0.4158
0.0
0.0
0.2844
0.0
0.0
0.7236
1.604
0.3445
0.2079
0.5576
0.0
0.82
0.0
0.0837
0.9385
0.0
0.557
0.594
0.0
0.4841
1.834
1.28
0.0
0.2837
0.0
0.0
0.0
0.821
0.678
0.0
0.0
0.0
1.057
1.076
1.394
0.0
0.0
1.603
1.888
0.0
0.0
0.0
0.1252
1.616
2.105
0.0
0.02475
0.0
0.8086
0.862
0.0
2.195
0.0
0.0
0.0
0.0
1.231
1.097
0.1537
0.7227
0.0
0.0
1.268
0.0
0.543
0.2188
0.0
0.0
0.464
0.0
0.6377
0.0
0.0
0.1317
1.149
0.3525
0.0
0.2474
0.1081
0.0
1.43
0.0
0.0
0.2288
0.0
0.0
0.763
0.0
0.58
0.0
0.0
0.0
0.0
0.593
0.0
0.0
0.0
0.0
0.72
0.7485
0.2869
1.716
0.0
0.815
0.0
1.113
0.0
0.0
0.0
0.08136
1.917
0.0
0.1283
0.7637
0.4219
0.0
0.0
0.0
0.0
0.0
0.5205
0.0
0.0
0.0
0.1912
0.2028
0.0
0.0
0.4949
0.5483
0.8296
0.0
0.0
0.1501
1.091
1.235
0.0
0.4841
0.2588
0.859
0.3755
0.0
0.69
0.9907
1.884
0.0
0.9355
0.7446
0.0
0.0
0.0
1.472
1.756
1.173
0.3723
0.0
2.002
0.0
0.626
0.0
1.991
0.0
0.0
2.22
0.0
0.01439
0.384
0.0
0.0
0.2754
0.0
0.0
1.001
0.0
0.0
0.0
0.0583
0.0
0.0
0.0
0.4653
0.0
0.0
0.1449
0.1659
0.9404
0.0
0.5366
0.16
0.5464
1.204
0.5356
0.0
0.0
1.747
2.133
2.178
0.0
0.0
0.0
0.5894
0.3157
0.211
0.0
0.459
1.993
0.0
2.582
1.846
0.0
0.0967
0.0
0.0
1.022
0.0
0.5947
0.07947
1.258
2.916
0.0
0.0
1.162
0.0
0.0
0.0
0.0
0.0
0.7197
0.565
1.316
0.0
0.0
1.002
0.0
0.9746
0.0
0.0
0.0
0.0
0.0
1.421
0.0
0.7744
0.564
0.0
0.0
0.1564
1.553
0.7207
1.52
1.935
0.0
1.973
0.8457
0.0
1.054
0.741
0.408
1.1455
0.0
0.2725
0.0
1.199
0.004627
0.10736
1.287
0.0
0.0
1.573
1.289
0.693
0.0
1.903
0.593
0.0
0.0
0.0
0.0
0.63
0.0
0.0
0.0
0.192
0.0
0.2059
0.0
0.0
0.0701
0.0
0.791
0.0
0.0
0.0
0.475
0.05875
0.0
0.1183
0.0
0.0
1.179
0.0
0.0
0.5493
0.1501
0.6655
0.9644
0.0
1.689
1.072
0.1915
1.15
1.438
0.7954
0.09735
0.491
1.355
0.2177
0.3882
0.922
0.0
0.0
0.0
0.0
0.1888
0.0
1.485
1.098
1.906
0.2131
1.399
0.721
0.307
0.0
0.0
0.0
0.0
0.0
0.0
0.2954
0.0
0.0
0.556
0.0
1.209
0.0
0.0
0.0
0.0
0.0
0.0
0.0
0.0591
0.0
0.0
1.504
1.073
1.107
0.0794
0.0
0.897
0.0
1.067
0.0
0.0
0.1606
0.1614
0.3418
0.0
0.2698
0.0
1.071
0.0
0.0
0.1635
1.363
0.0
0.0
0.951
0.0
0.0
0.3071
0.0704
0.0
1.994
0.166
0.0
0.0
1.007
0.0
0.0
0.0
0.0
0.0
1.237
0.0
0.3738
0.3535
0.3906
0.0
0.0
0.1631
0.593
0.9766
0.1259
0.0
0.0
0.3357
0.0
0.0
0.0
0.0
0.2603
0.8564
0.589
0.0
0.0
1.238
0.0
0.0
0.0
0.378
0.0
0.0
0.0
0.0
0.0
0.9062
0.697
0.0
0.0
0.0
0.0
0.0
0.3455
0.0
0.0
0.0
0.0
0.0
0.0
1.293
1.685
1.22
1.095
0.1744
0.6704
0.0
0.8677
0.9683
0.07166
0.0
0.0
0.04404
0.0
0.0
0.4128
0.6997
0.0
0.0
0.695
0.0
0.9346
0.0
0.6367
0.0
1.933
0.0
0.0
0.1791
0.8306
0.0
0.0
0.0
0.2302
1.479
0.0
0.0
0.707
0.2908
0.3054
0.0
0.0
0.0
0.0
0.0
0.0
0.0
0.5474
0.0
0.3958
0.0
1.359
0.8276
0.0
0.5444
1.902
0.2435
0.8203
0.0
1.243
0.596
0.1958
0.0
0.2769
0.229
0.7446
1.767
1.089
1.24
1.297
0.0
0.0
0.9023
0.0
0.0
0.0
0.0586
0.0
0.702
0.0
0.9883
2.385
0.10645
0.0
0.0
1.3
0.0
0.0
1.124
0.0
0.0
0.06757
0.0
0.0
0.0
0.0
0.0
0.0
0.8066
0.0
2.531
0.0
0.08167
0.5894
1.544
0.0
0.0
0.5283
0.817
0.803
0.0
0.9844
2.01
0.0
0.1964
0.0
0.0
0.0
0.05676
0.0
0.0
0.1031
2.613
0.0
0.5376
0.0
0.05447
0.0877
0.4995
0.0
1.051
0.0
0.667
0.0
0.72
0.0
0.0
0.0
1.154
0.05298
0.2583
0.0
0.0
0.9727
0.0
0.3257
1.08
0.11017
1.386
0.357
1.868
1.364
0.0
2.016
0.625
0.00988
0.982
0.3838
0.0
0.0
0.5786
0.0
0.0
0.04382
0.0
0.0
1.078
0.0
0.3662
0.5244
0.0
0.8677
0.5405
0.0
0.0
0.0
0.7173
0.0
0.0
0.581
0.0
0.0
1.201
1.44
0.0
0.0
0.4922
0.0
0.0
0.0
2.785
1.692
1.6045
0.686
0.0
0.0
0.0
0.0
0.0
1.606
0.0
0.5376
0.0
1.713
0.1862
0.4731
0.2382
0.6377
0.2803
0.2915
1.268
0.6685
0.0
1.725
0.0
0.0
0.0
0.0
0.3733
1.128
0.1388
0.0
1.098
0.0
1.765
0.807
1.155
1.068
0.0
0.0
1.215
0.2292
0.0
0.0
0.0
0.526
0.9316
0.0569
0.848
0.0
0.3606
0.0
0.2642
1.865
0.0
0.0
0.0
0.0
0.1936
0.3552
1.7705
0.0
0.0
0.0
0.0
0.1672
0.7837
0.0
0.0
1.764
0.4912
0.0
0.2214
0.0
0.0
0.3525
1.016
0.0
0.0
0.0
1.828
0.0
0.0
0.444
0.0
0.8345
0.579
1.8545
0.0
0.0
0.0
1.011
0.0
0.0
0.11865
0.6846
1.469
0.0
1.167
0.143
0.001116
0.646
1.22
0.2734
0.0
0.0
0.411
1.439
0.05707
0.8105
0.0
0.315
0.0
0.0
0.1254
0.0
0.0
0.0
0.0
0.75
0.0
0.0
0.0
0.0
0.0
0.0
0.11615
0.0
0.627
0.2338
0.0
0.903
0.852
0.0
0.0
0.514
0.0
0.6235
0.0
0.0
1.589
0.11615
0.0
0.8276
1.004
0.0
0.0
0.953
0.0
0.0
0.0
0.0
0.0
0.931
0.0
0.3381
0.0
0.0
0.0
0.0
2.34
1.373
0.4414
0.4211
1.156
0.0
0.0
0.0
1.247
0.0
0.3328
0.0
0.0
0.1705
0.0
0.0
0.0
0.0
1.329
0.4502
0.0
0.0
0.0
1.492
0.4636
0.558
1.768
1.094
0.6406
1.515
0.0
0.0
0.6133
0.81
1.206
0.0
2.23
0.0
0.772
0.1053
2.012
0.0
0.669
0.415
0.0
0.5654
0.0
0.4026
0.0008206
0.128
0.0
1.192
0.3809
0.0
0.0
0.5107
0.0
0.0
1.161
0.0
0.7603
1.181
0.0
0.535
0.0
0.0
0.4724
0.0
0.694
1.528
0.0
1.177
0.0
0.0
0.0
0.97
0.4268
0.0
0.0
1.135
0.0
0.0
0.0
0.0
1.065
0.0
0.3508
0.0
0.0
0.0
0.5464
0.5107
0.729
0.1866
0.0
0.0
2.328
0.0
1.329
0.0
0.0
0.0
0.3525
0.189
1.655
0.1758
0.0
0.03583
0.9297
1.615
1.599
0.05362
0.481
0.0
0.0
0.0
0.0
0.09625
0.0
0.0
0.2952
0.0
0.0
0.0
1.101
0.0
0.0
0.0
0.0
0.342
0.0
0.0
0.2059
0.0
0.0
0.4998
1.943
1.444
0.272
0.0
0.0
1.905
0.174
0.0
0.0
0.8257
0.0
0.0
1.856
0.01499
0.0
0.0
0.0
0.0
2.457
0.0
0.0
0.0
0.0
0.0
0.0
0.3806
0.0
0.0
3.045
0.688
1.568
0.0
0.00954
0.326
0.0
1.577
0.0
0.0
0.2335
0.0
0.3977
0.927
0.658
0.0
0.0
1.205
2.412
0.4824
0.0
0.0
0.0
0.0
0.0
0.0
0.0
0.0736
0.0
0.0
0.0
1.791
0.0
0.8735
0.0
0.834
0.4724
0.466
0.0
0.367
0.0
0.0
