-0.29292554
0.2204164
-0.08163697
0.3845197
0.96216464
0.35397062
-0.26971695
0.53864443
-0.13820417
-0.26690507
0.95427936
0.15382074
0.16378482
0.24624868
-0.197958
-0.16995946
0.8996967
0.08530163
-0.006602914
0.27974358
0.2851776
0.017570054
1.28577
0.46981928
-0.2089685
0.1256928
0.1227723
-0.36376858
1.2328486
0.75004566
0.01140391
0.17404768
0.31254506
0.08868153
0.8073363
0.76141965
-0.08665934
-0.56549
-0.29085004
-0.24736868
0.9492415
0.45474002
-0.019662676
-0.60063565
-0.15363103
-0.2909823
0.41382408
0.9829963
-0.24490689
-0.37213492
-0.26907822
0.15598674
0.36221457
0.31469968
