0.0
0.0
0.0
0.0
0.0
0.0
0.0
0.0
0.0
0.0
0.0
0.0
0.0
0.0
0.0
0.0
0.0
0.0
0.0
0.0
0.0
0.0
0.0
0.0
0.0
0.0
0.0
0.0
0.0
0.0
0.0
0.0
0.0
0.0
0.0
0.0
0.0
0.0
0.0
0.0
0.0
0.0
0.0
0.0
0.6749888
2.1309829
2.2895224
1.8593127
1.2475096
1.1460785
1.1460785
1.1460785
0.7060108
0.010019321
0.0
0.0
0.0
0.0
0.75632155
2.5224185
2.6572096
2.6354692
2.5172613
2.6928096
2.6654649
3.4397986
2.775982
0.36043954
0.0
0.0
0.0
0.0
0.14356314
0.42843768
0.6767205
1.355681
1.5630057
1.6858523
1.728122
3.3869288
2.802272
0.3159827
0.0
0.0
0.0
0.0
0.0
0.0
0.0
0.0
0.0
0.11335471
2.5843685
3.0982049
1.5307599
0.0
0.0
0.0
0.0
0.0
0.0
0.0
0.0
0.0
0.0
0.9008132
3.0143476
2.7878978
0.40731856
0.0
0.0
0.0
0.0
0.0
0.0
0.0
0.0
0.0
0.15368435
2.4665413
2.8637323
1.2507865
0.0
0.0
0.0
0.0
0.0
0.0
0.0
0.0
0.0
0.0
1.7519748
3.0260127
2.5446386
0.25753295
0.0
0.0
0.0
0.0
0.0
0.0
0.0
0.0
0.0
0.68525434
3.0015953
3.2106512
1.0269483
0.0
0.0
0.0
0.0
0.0
0.0
0.0
0.0
0.0
0.118395925
2.5652082
3.6028168
1.8455018
0.047522638
0.0
0.0
0.0
0.0
0.0
0.0
0.0
0.0
0.0
0.64972216
3.42078
3.878882
1.1374342
0.0
0.0
0.0
0.0
0.0
0.0
0.0
0.0
0.0
0.0
0.50495976
2.1397238
2.0211663
0.2977842
0.0
0.0
0.0
0.0
0.0
0.0
0.0012795696
0.0012795696
0.0012795696
0.0012795696
0.0012795696
0.0012795696
0.0012795696
0.0012795696
0.0012795696
0.0012795696
0.0012795696
0.0012795696
0.0012795696
0.0012795696
0.0012795696
0.0012795696
0.0012795696
0.0012795696
0.0012795696
0.0012795696
0.0012795696
0.0012795696
0.0012795696
0.0012795696
0.0012795696
0.0012795696
0.0012795696
0.0012795696
0.0012795696
0.0012795696
0.0012795696
0.0012795696
0.0012795696
0.0012795696
0.0012795696
0.0012795696
0.0012795696
0.0012795696
0.0012795696
0.0012795696
0.0012795696
0.0012795696
0.0012795696
0.0012795696
0.17268768
0.9794304
1.0249531
0.4213693
0.0012795696
0.0012795696
0.0012795696
0.0012795696
0.0012795696
0.0012795696
0.0012795696
0.0012795696
0.0012795696
0.0012795696
0.8980592
2.5885162
2.5731401
2.7667322
2.8490317
2.8716285
2.8479154
2.9186962
2.0283077
0.16375363
0.0012795696
0.0012795696
0.0012795696
0.0012795696
0.22671033
0.4792972
0.7765466
1.522489
1.713842
1.910182
1.8788333
2.8286057
2.3296094
0.29517743
0.0012795696
0.0012795696
0.0012795696
0.0012795696
0.0012795696
0.0012795696
0.0012795696
0.0012795696
0.0012795696
0.0012795696
1.8962669
2.622823
1.022668
0.017811289
0.0012795696
0.0012795696
0.0012795696
0.0012795696
0.0012795696
0.0012795696
0.0012795696
0.0012795696
0.0012795696
0.4903903
2.6192203
2.4484851
0.38555428
0.0012795696
0.0012795696
0.0012795696
0.0012795696
0.0012795696
0.0012795696
0.0012795696
0.0012795696
0.0012795696
0.0012795696
1.7577604
2.402164
0.89366317
0.005871714
0.0012795696
0.0012795696
0.0012795696
0.0012795696
0.0012795696
0.0012795696
0.0012795696
0.0012795696
0.0012795696
0.9687568
2.6117795
2.1899598
0.26952952
0.0012795696
0.0012795696
0.0012795696
0.0012795696
0.0012795696
0.0012795696
0.0012795696
0.0012795696
0.0012795696
0.1085369
2.4616818
2.681133
0.86143786
0.0012795696
0.0012795696
0.0012795696
0.0012795696
0.0012795696
0.0012795696
0.0012795696
0.0012795696
0.0012795696
0.0012795696
1.8812538
2.6525166
1.36605
0.0737722
0.0012795696
0.0012795696
0.0012795696
0.0012795696
0.0012795696
0.0012795696
0.0012795696
0.0012795696
0.0012795696
0.46815118
2.840135
2.9836636
0.78958917
0.0012795696
0.0012795696
0.0012795696
0.0012795696
0.0012795696
0.0012795696
0.0012795696
0.0012795696
0.0012795696
0.0012795696
0.6789892
2.7391322
2.4204698
0.29072788
0.0012795696
0.0012795696
0.0012795696
0.0012795696
0.0012795696
0.0012795696
0.026626503
0.026626503
0.026626503
0.026626503
0.026626503
0.026626503
0.026626503
0.026626503
0.026626503
0.026626503
0.026626503
0.026626503
0.026626503
0.026626503
0.026626503
0.026626503
0.026626503
0.026626503
0.026626503
0.026626503
0.026626503
0.026626503
0.026626503
0.026626503
0.026626503
0.026626503
0.026626503
0.026626503
0.026626503
0.026626503
0.026626503
0.026626503
0.026626503
0.026626503
0.026626503
0.026626503
0.026626503
0.026626503
0.026626503
0.026626503
0.026626503
0.026626503
0.026626503
0.026626503
0.9520472
2.9426117
3.048803
2.3553653
1.5944241
1.4890406
1.4890406
1.4890406
0.96543825
0.086632185
0.026626503
0.026626503
0.026626503
0.026626503
0.79856855
1.8025901
2.25277
3.1801922
3.2190318
3.311641
3.2998068
3.2251892
2.441133
0.3047596
0.026626503
0.026626503
0.026626503
0.026626503
0.026626503
0.026626503
0.026626503
0.0
0.0
0.0
0.8485317
2.0900896
1.4402881
0.04724113
0.026626503
0.026626503
0.026626503
0.026626503
0.026626503
0.026626503
0.026626503
0.026626503
0.026626503
0.20118006
2.3669472
2.5726988
0.3842423
0.026626503
0.026626503
0.026626503
0.026626503
0.026626503
0.026626503
0.026626503
0.026626503
0.026626503
0.026626503
0.9922333
2.444968
1.1982101
0.026626503
0.026626503
0.026626503
0.026626503
0.026626503
0.026626503
0.026626503
0.026626503
0.026626503
0.026626503
0.24851662
2.4091456
2.214968
0.15979284
0.026626503
0.026626503
0.026626503
0.026626503
0.026626503
0.026626503
0.026626503
0.026626503
0.026626503
0.035502106
2.0761964
2.581345
1.1629499
0.026626503
0.026626503
0.026626503
0.026626503
0.026626503
0.026626503
0.026626503
0.026626503
0.026626503
0.026626503
0.90747124
2.5631948
2.2161036
0.0
0.026626503
0.026626503
0.026626503
0.026626503
0.026626503
0.026626503
0.026626503
0.026626503
0.026626503
0.20709711
2.356353
2.7106419
0.52713996
0.026626503
0.026626503
0.026626503
0.026626503
0.026626503
0.026626503
0.026626503
0.026626503
0.026626503
0.026626503
0.6726369
2.6096075
2.6231742
0.54751015
0.026626503
0.026626503
0.026626503
0.026626503
0.026626503
0.026626503
0.026626503
0.026626503
0.026626503
0.026626503
0.21735427
0.5270541
0.0
0.026626503
0.026626503
0.026626503
0.026626503
0.026626503
0.026626503
0.026626503
0.07220019
0.07220019
0.07220019
0.07220019
0.07220019
0.07220019
0.07220019
0.07220019
0.07220019
0.07220019
0.07220019
0.07220019
0.07220019
0.07220019
0.07220019
0.07220019
0.07220019
0.07220019
0.07220019
0.07220019
0.07220019
0.07220019
0.07220019
0.07220019
0.07220019
0.07220019
0.07220019
0.07220019
0.07220019
0.07220019
0.07220019
0.07220019
0.07220019
0.07220019
0.07220019
0.07220019
0.07220019
0.07220019
0.07220019
0.07220019
0.07220019
0.07220019
0.07220019
0.07220019
0.36338732
0.52037084
0.589466
0.6691209
0.6753488
0.6568465
0.6568465
0.6568465
0.4169576
0.122182935
0.07220019
0.07220019
0.07220019
0.07220019
0.07220019
0.0
0.0
0.27064332
0.43273443
0.4452383
0.43899676
0.43961424
0.38047454
0.17379305
0.07220019
0.07220019
0.07220019
0.07220019
0.07220019
0.07220019
0.07220019
0.055105545
0.042121526
0.0
0.35025698
0.12697557
0.0
0.07220019
0.07220019
0.07220019
0.07220019
0.07220019
0.07220019
0.07220019
0.07220019
0.07220019
0.07220019
0.1642629
0.37925288
0.08037123
0.037702285
0.07220019
0.07220019
0.07220019
0.07220019
0.07220019
0.07220019
0.07220019
0.07220019
0.07220019
0.07220019
0.24920213
0.1963544
0.0
0.07220019
0.07220019
0.07220019
0.07220019
0.07220019
0.07220019
0.07220019
0.07220019
0.07220019
0.07220019
0.18922907
0.40431678
0.008216962
0.066582985
0.07220019
0.07220019
0.07220019
0.07220019
0.07220019
0.07220019
0.07220019
0.07220019
0.07220019
0.07688134
0.377762
0.24446467
0.0
0.07220019
0.07220019
0.07220019
0.07220019
0.07220019
0.07220019
0.07220019
0.07220019
0.07220019
0.07220019
0.4070962
0.33053526
0.0
0.0688105
0.07220019
0.07220019
0.07220019
0.07220019
0.07220019
0.07220019
0.07220019
0.07220019
0.07220019
0.16738367
0.35751295
0.11842467
0.09523416
0.07220019
0.07220019
0.07220019
0.07220019
0.07220019
0.07220019
0.07220019
0.07220019
0.07220019
0.07220019
0.22090775
0.19053496
0.0
0.07263626
0.07220019
0.07220019
0.07220019
0.07220019
0.07220019
0.07220019
0.07220019
0.07220019
0.07220019
0.07220019
0.07220019
0.0
0.048237786
0.07220019
0.07220019
0.07220019
0.07220019
0.07220019
0.07220019
0.07220019
0.0
0.0
0.0
0.0
0.0
0.0
0.0
0.0
0.0
0.0
0.0
0.0
0.0
0.0
0.0
0.0
0.0
0.0
0.0
0.0
0.0
0.0
0.0
0.0
0.0
0.0
0.0
0.0
0.0
0.0
0.0
0.0
0.0
0.0
0.0
0.0
0.0
0.0
0.0
0.0
0.0
0.0
0.0
0.0
0.8262217
3.1239452
3.2952857
2.7454145
1.950685
1.7865481
1.7865481
1.7865481
1.2184997
0.108764164
0.0
0.0
0.0
0.0
0.70494133
2.90189
3.140887
3.529712
3.4664402
3.497302
3.4844708
4.0127654
3.7043252
0.5536019
0.0
0.0
0.0
0.0
0.12387231
0.34848985
0.5388659
1.1135008
1.3426129
1.5239043
1.6442274
3.9208589
3.5624428
0.40460083
0.0
0.0
0.0
0.0
0.0
0.0
0.0
0.0
0.0
0.17780074
3.05966
3.7637806
1.9852164
0.012181721
0.0
0.0
0.0
0.0
0.0
0.0
0.0
0.0
0.0
0.9961484
3.6343987
3.43609
0.47298768
0.0
0.0
0.0
0.0
0.0
0.0
0.0
0.0
0.0
0.2291256
2.9795423
3.5511296
1.5676272
0.0
0.0
0.0
0.0
0.0
0.0
0.0
0.0
0.0
0.0
2.0677648
3.78056
3.185426
0.3300556
0.0
0.0
0.0
0.0
0.0
0.0
0.0
0.0
0.0
0.8803364
3.6760387
3.9088192
1.1753992
0.0
0.0
0.0
0.0
0.0
0.0
0.0
0.0
0.0
0.18421635
3.0422838
4.3944125
2.309763
0.091470614
0.0
0.0
0.0
0.0
0.0
0.0
0.0
0.0
0.0
0.6807476
4.0016994
4.673106
1.6297979
0.0
0.0
0.0
0.0
0.0
0.0
0.0
0.0
0.0
0.0
0.4137963
2.1753013
2.1052792
0.35293022
0.0
0.0
0.0
0.0
0.0
0.0
7.414019e-08
7.414019e-08
7.414019e-08
7.414019e-08
7.414019e-08
7.414019e-08
7.414019e-08
7.414019e-08
7.414019e-08
7.414019e-08
7.414019e-08
7.414019e-08
7.414019e-08
7.414019e-08
7.414019e-08
7.414019e-08
7.414019e-08
7.414019e-08
7.414019e-08
7.414019e-08
7.414019e-08
7.414019e-08
7.414019e-08
7.414019e-08
7.414019e-08
7.414019e-08
7.414019e-08
7.414019e-08
7.414019e-08
7.414019e-08
7.414019e-08
7.414019e-08
7.414019e-08
7.414019e-08
7.414019e-08
7.414019e-08
7.414019e-08
7.414019e-08
7.414019e-08
7.414019e-08
7.414019e-08
7.414019e-08
7.414019e-08
7.414019e-08
0.17214859
1.6472299
1.8559157
1.3344326
0.67535454
0.56111807
0.56111807
0.56111807
0.46942934
0.019849686
7.414019e-08
7.414019e-08
7.414019e-08
7.414019e-08
0.28578815
2.2810738
2.4745517
2.413033
2.271933
2.3763885
2.3686926
2.7314181
2.7545364
0.47538993
7.414019e-08
7.414019e-08
7.414019e-08
7.414019e-08
7.414019e-08
0.25227013
0.18410803
0.5882855
0.8527531
1.0504923
1.0414497
2.2566788
2.7058752
0.4416529
7.414019e-08
7.414019e-08
7.414019e-08
7.414019e-08
7.414019e-08
7.414019e-08
7.414019e-08
7.414019e-08
7.414019e-08
0.011513561
1.2080414
2.4988792
1.7837163
0.018867843
7.414019e-08
7.414019e-08
7.414019e-08
7.414019e-08
7.414019e-08
7.414019e-08
7.414019e-08
7.414019e-08
7.414019e-08
0.21670248
2.3208406
2.4118328
0.5125312
7.414019e-08
7.414019e-08
7.414019e-08
7.414019e-08
7.414019e-08
7.414019e-08
7.414019e-08
7.414019e-08
7.414019e-08
0.014635863
1.2035533
2.3040445
1.5460249
0.0052411207
7.414019e-08
7.414019e-08
7.414019e-08
7.414019e-08
7.414019e-08
7.414019e-08
7.414019e-08
7.414019e-08
0.0005855057
0.8353509
2.5087934
2.3678715
0.34565955
7.414019e-08
7.414019e-08
7.414019e-08
7.414019e-08
7.414019e-08
7.414019e-08
7.414019e-08
7.414019e-08
7.414019e-08
0.16954002
2.0417821
2.4951777
1.328819
7.414019e-08
7.414019e-08
7.414019e-08
7.414019e-08
7.414019e-08
7.414019e-08
7.414019e-08
7.414019e-08
7.414019e-08
0.0119038485
1.2293303
2.769273
1.9358059
0.08342948
7.414019e-08
7.414019e-08
7.414019e-08
7.414019e-08
7.414019e-08
7.414019e-08
7.414019e-08
7.414019e-08
7.414019e-08
0.15997976
2.3888943
2.8715434
1.3712558
7.414019e-08
7.414019e-08
7.414019e-08
7.414019e-08
7.414019e-08
7.414019e-08
7.414019e-08
7.414019e-08
7.414019e-08
7.414019e-08
0.08796967
1.7451037
1.8655105
0.36272073
7.414019e-08
7.414019e-08
7.414019e-08
7.414019e-08
7.414019e-08
7.414019e-08
