0.5294687837360783
-2.4760916449175916
-6.1068770435463335
-8.248736842180293
-8.046847564977284
-7.346816178572695
-7.103507481676857
-7.098609120746474
-6.044428043383813
-3.515839737240986
6.762183209708667
8.764941117528814
7.657143732391681
4.277696211053577
1.9467577431084884
0.3582963692340363
-0.7409746007590493
-3.8417862493636257
-6.381351452889498
-5.713866075825018
2.5479957406528304
7.219425441371541
11.582013774174872
13.176379854487514
12.162138479878434
11.081577964766097
10.257625750021948
7.344483601316476
2.489025844252444
-0.8645582801790757
-4.750671170781112
-4.9483876843603944
-2.827061200323467
-0.24111810849831805
2.43806076169884
4.306272170169677
4.720221494238668
5.117126201462279
3.6744524773586607
2.467967974279106
-3.379748623786422
-5.577162195857593
-6.8208045120142975
-6.945852470154949
-5.617073802508733
-4.306883230304313
-3.8988574161274796
-1.848914886688656
-0.7728686642890932
0.9258707273361814
-0.378202299431582
-0.7593368469947283
-1.791106448544378
-1.7962202452888314
-2.7526416603947803
-3.4611596447939594
-3.1677780746788944
-2.0059898503275893
-0.3306716083948589
0.9123053817415052
-0.0024752802174542177
-0.24429644042063234
0.01772607253266656
0.5466242438119913
-0.8373262472829545
-2.916408384616231
-2.7867460557941115
-2.2386238484641425
0.03378334514313086
0.8977308068432162
-0.05111992532702478
-0.3310288234454425
0.5311730894422929
0.22201195782326055
-1.0624006318399255
-1.5967124644193473
-2.0192432273052825
-0.6191190676569408
0.6207313609489173
0.5477279591240236
-0.08439875974251851
0.720658710415161
0.787974499085834
-0.796322685086047
-2.8991174366893224
-2.6106379481792414
-1.2620456826667552
0.6607451490043925
1.0074179476809808
0.15131118565707535
0.38536511828617737
2.0968686151628235
3.344448388534582
1.5310389967122728
-0.789760001328186
-2.9272652807309183
-1.5994872938762805
0.29267004715695255
0.4417402407498018
0.004328080001357315
3.280711764077392
4.677429104128931
6.179752198861296
7.203948098364252
7.4745250498947815
7.6002753616906364
7.659646743717802
6.845849684889162
4.969127376094226
3.129129305606531
-1.3961292433494497
-1.3554807750692532
-0.0969204099318891
-0.4494156120250884
-0.08311924433442275
1.1621119792056085
2.648379242304461
2.815238270797952
2.7800484776811816
1.9363245068790416
-3.5072753375122154
-2.923026123822589
-2.945091243353895
-5.5542027785728205
-5.56302250228173
-3.659728099897161
-2.150600496518847
-1.9813470904719317
0.4866181973612074
-0.8086313406610584
-2.4385838362697734
-1.4164989091421076
-2.0085970636909547
-3.7614962167966137
-2.365264225820906
-1.3260442512689152
-2.364527651359512
-1.3290607924108535
1.165859943643097
-2.2880508001627833
-0.8354032372090059
-0.7248265127509301
-1.468012832100915
-1.4298366030496332
0.5932583813228185
-1.0433911513038643
-3.3611655578873583
0.48580785378121494
0.5158501396540611
-4.432542970061466
-0.09632155977051543
-0.12829438940005083
-0.011940767482503833
2.0652509416592912
2.2338906089066244
-1.3883523370242425
-0.7121992496942138
2.727873264616207
-1.1359694307929735
-4.908618781319972
0.011095737021911523
0.04748408274643934
1.5377484955596472
3.199371563703136
1.042541369800486
-1.5121661503172041
2.1495711432025377
2.0547682572029293
-3.652633704808077
-3.6663544871207256
0.012224172119435328
0.7147653538063781
3.0603054125370863
2.493492115871762
-1.18389979025961
0.17325549037563337
2.496174279697303
-1.614703188542212
-4.607604645868211
-1.880842620635617
0.12662872313102325
1.746634289829565
2.84047909790221
0.16303058454014763
-0.6072277725936132
3.1549296850297734
1.3134935205853084
-3.7899985076978253
-3.2451115486243496
-0.5787905441433003
0.28556918258005415
1.2889559922646083
-0.9056428545390005
-3.8797175512643465
-0.21626489063126297
1.6252558266048287
-2.7626412927109656
-4.278393540013598
-1.5053252181509227
-0.09970533358662198
1.1007605701713092
1.161215495601671
-0.7617673948467129
-1.6445628074930867
-1.3278657701581253
-0.829382189606433
-0.5042750215712587
-0.11034812570741648
-0.8661336970137887
-0.8977464180134682
3.7363742737868177
2.0616271210762123
-0.48936395277061584
-0.42560006457926325
-0.1346839771969066
-0.22574552673460535
-0.18464005457564459
-0.3524220382961325
-2.5941839010567147
-2.9473099696718488
2.624694013420886
0.8807101640310582
0.0024499158915060604
0.7977260959948893
0.3187846390441721
0.5937281914862594
1.535471097971864
-0.5959580159172702
-4.434593382106481
-3.3633582746632107
2.6622717653979424
1.3779604252027573
0.03206483115662362
-0.3258482542330118
-0.4879318825068554
2.7266397115520578
4.153851718274654
-2.8773404522433803
-6.574485909334258
-2.7392357251700488
2.299987227155761
1.9282721140101107
1.254431393822971
0.48825715829174254
2.5788007882615247
6.49148669886949
3.6738620149414354
-5.653969905739981
-7.228846058588546
-2.0035527778399986
0.37432417748215957
0.6227385823330034
0.5720597136991816
0.9569788775824515
5.12254420047865
7.074812203028606
-0.2747459472314091
-6.168686792333862
-4.536050373638599
-0.8603585075076607
-0.01202425083373082
-0.08696030120681719
-0.6035718144413753
2.640437488278092
7.246467106600365
4.328421505861863
-3.8386269326354685
-5.904106215151953
-2.0785750101056575
-0.17246403957482231
-0.02297829482370728
-0.5619489410860101
1.06084260946729
5.80569716705413
6.627558349449025
-0.9450280367560936
-5.738933482787738
-3.8257492245060347
-0.7399063485166979
-0.05613157806843033
-0.14004503005189584
-0.16661841238144492
3.916266186854504
7.578217396551194
2.132096538442469
-5.297518051161939
-5.2196227688568815
-1.538361650379721
-0.08962301767119224
-0.036654824816665266
-0.07234172294278007
1.8845636571151871
6.631826196795732
6.5524638083433935
-2.2040752371525376
-6.547512840676979
-3.5959924455587373
-0.5898154423986275
-0.07005260621716636
-0.026665855130424743
-2.1596027006977376
-2.2098150780180204
-0.4340780360304821
1.3516211911560871
1.243943493722841
0.4600732281874711
-0.1439636850076882
0.4308172332426379
1.6329843701200537
2.1410460280255488
-2.555724114848147
-3.3777562849125897
-1.5379841441870128
1.3039416825278276
1.886607857167426
1.4446976271221028
0.6885946095582294
1.5069030817841376
4.0125725315700915
5.490445346558897
-2.2743679915586674
-4.591220814246876
-3.63493891689333
-0.7552524102426361
-0.31528572224267504
-1.2075682021245255
-2.1954226448728296
-0.3763771825092841
3.741900880855151
7.530743258392182
-1.1665743037948593
-3.002710829763359
-1.984534345920135
-0.1441218814805689
-0.866955732485698
-2.4073124481073416
-2.819713424529125
-0.8230534584200715
4.6000205743571865
8.660932158688155
-0.39963408124116917
-0.6115479534152293
-0.12487992414068594
-0.2356810508713052
-1.7899232714050057
-2.522908049045374
-2.4452125003681946
-0.27118610677016397
5.862383489807241
8.745817640412875
-0.15745348524159405
-0.20667262717021104
-0.5732504023824219
-1.7580977170967
-3.2208849834642823
-3.197181877811306
-2.9960101541801336
0.3985998560062356
6.712233828780659
6.804295669067059
-0.048121766376083314
-0.16888646944655614
-0.9015643030003193
-2.8159326840310093
-3.1486990703803883
-3.2013079629295866
-1.5921565450678532
3.499975691676278
7.629295085503675
4.487409574056534
-0.07227139385895917
-0.550125912696166
-2.2207934317182545
-3.4939240742750908
-3.3523102794070283
-2.3657332642766047
1.3150072571610898
6.653667148627803
6.213613895243811
1.8757050896340273
-0.1529781174526985
-1.245069411165687
-3.368152538559357
-3.9674385835605968
-3.5772654235131154
-0.4504352013228563
5.214824583276972
7.237871491642486
3.844205547571087
0.43289274271944733
-0.20187165221647937
-1.5441849774692666
-2.9391869812850855
-4.599867318128162
-3.507427764130366
3.07795155023861
8.570444053302381
6.143283671015884
1.473791902315465
0.022048209660329637
-0.49306162990085156
0.13932202204451483
0.15195856791569828
0.7992102649376414
0.6107634979351808
0.6840642654068454
-0.12249039400114792
-1.2163114418063976
-0.036008248523961894
-0.2614050215044126
-1.8803057927150886
-1.4838318962891692
-1.9425505671341978
-1.773106399504558
-1.6833728177910408
-0.5130777355946512
-1.426704312965102
-2.216245604314553
-0.20039469799507903
-0.24138913455747635
-1.3410716393302058
-1.141240626214596
-1.4235791182115767
-2.153687649565219
-0.919964678270847
-1.6345919146936378
-3.1894064014045114
-2.0828147776413557
-0.7307279919275437
-0.6364268755637615
0.28657299056254715
0.5038817972481887
0.7892855577909842
1.6821325981974162
2.61524118503649
-0.8412152543875638
-1.7308906780638527
0.8953500306796192
0.9534794361840918
0.2970454528398444
0.7766626259973446
1.142713513640475
1.7763714646168203
3.9948087543603488
2.1910372222921413
-0.7989874756858407
0.5370951716175858
2.7145191517949403
1.6697392019727104
1.2257947274635743
0.12096326756128208
0.2783981735214539
1.4964770978120392
1.578914082086218
-2.1824616412105637
-2.1416987055416783
1.297638181464955
1.7209411950181277
1.030544357240649
0.8030414149840092
0.0017883958005716705
0.4155659233516532
1.7620438208431892
-1.189882589326371
-3.3410324570888914
-0.9387256055537624
1.762947804667006
0.9667888533036441
1.131411408087502
0.7611485385544179
0.08259917682876651
1.6285058702790258
0.31574955029429996
-3.4917204944987814
-2.437550873088925
1.055179109262881
1.2276015180104056
0.8872349832030105
0.6650012746895757
0.8528009945030703
0.4239665051778617
1.6960674297918417
-2.0330054458347853
-3.368246529828968
-0.4558059018090024
1.7367334293130536
0.8028334421496025
0.8845419606644501
0.7105473096186037
0.4633104179248365
0.30966360719025443
-0.243593028931133
-3.3489440782347057
-2.3215381747455095
1.4372042030118464
1.2794524144795059
1.0684745907605673
0.8532417160139687
0.8426099352087092
0.09352922011870335
4.459397526808281
5.936395201209825
6.549147375876549
6.480026526452042
5.825950282264733
5.247773506601282
4.502082388590628
2.8677769931427464
1.9972075169307453
1.1372265853279555
1.675280093628398
3.2886317999376145
5.128262052505708
6.4462888560865625
7.0999807460493916
8.11228404994747
8.144548578045056
6.3906250834434335
4.570985505825002
2.7547531614628915
-3.766203898906909
-4.621365707829697
-4.609762593479168
-4.848418000129588
-3.286524506648726
-1.4905545602490506
-0.249762425864004
0.9941295181748228
1.3189473330312864
0.9202688830979449
-2.6728883645407477
-4.318111843294989
-5.574039999590834
-6.393924247874064
-4.315246181527567
-3.4326574706767152
-3.473577221705086
-2.542896538250937
-1.3897814144217535
-1.2789154437159844
-0.8025842942760585
-1.533304470544956
-2.2482142547165216
-1.5691695362540734
-1.103762330452741
-1.5709774433265855
-2.491069612171266
-2.6404967265134083
-2.0904151388974364
-2.1730428944303513
-0.15749236294328817
-0.27463795768039423
0.19350514715733436
1.4338470719172456
1.2355358681303343
-0.4976790485237528
-1.4484296101271108
-1.7427732937274039
-2.524839103160954
-2.6692282605904976
-0.06457235035482978
0.12207740627945518
1.8382207166394593
2.6588059716220362
2.0578391226516453
0.5230261290728323
-0.5938436095793656
-1.4487365414057543
-2.347080841412145
-2.0414891703199523
-0.032661830530940184
1.1325408313630738
2.382644507013313
2.2948719537964584
0.9159033735590206
-0.17922365992284717
-1.096129928114891
-2.158451766709873
-2.552360743377728
-1.0153831229253723
0.20098191553006095
2.261220493664468
2.8785743973568154
1.5448082581767921
0.10493434362726906
-0.6565668996687002
-1.8969841013383428
-2.6325419215035657
-1.9134498712204455
-0.30642489401332207
0.3809382135231434
1.5480567108200856
2.042755842117675
0.7462574957379718
-0.0443295198684599
-0.6178116692744248
-1.8706657976686722
-2.3365343978202717
-0.8115659529534505
-0.09534124901269525
0.8775468635390415
2.3397689038052656
4.422176467800122
3.7915970038662943
2.840860521456883
1.8789454514113766
1.7770872114266547
1.8999632420524302
1.6545430041091467
0.7958759570308912
0.8152707223304166
1.0400503255895277
3.4022454843642986
5.929295485938126
7.344091250165291
7.1525704060593105
6.523288234603313
6.100796835468571
6.231902588392995
4.506669691527019
-1.5859156160919143
-3.2306765859701265
-3.6361161189259974
-2.3823225944724005
-1.4945625582587097
-0.7995325741529604
-0.29308420061707174
0.9995285518506334
2.7113244807703256
3.574229918973988
0.9073241460685827
1.1190210034090933
0.08504894311958078
-0.9725705040972956
-1.604021097413641
-1.0776195746403563
-0.427377305361041
1.3589424230897513
0.8624493173129312
0.9626165574201885
0.9269260707095128
1.3191878936246713
1.227895440349576
1.2567862585081868
1.896945006647094
1.4789446073710732
1.3470579256644826
2.0259112660331153
1.7190395911449856
0.7156320885235082
0.12690463202302468
0.1258326830625511
-0.05370313054629816
0.1294502793477147
-0.025828373679450456
0.12409928444149654
1.001821718718413
1.0374737250194226
0.5069004600398193
0.3639927374380897
0.11319322210556368
0.08384281163552385
0.10317160855301274
0.5708254076641367
0.6431412762571289
2.0262161211319287
2.679311933533208
1.866685863220443
0.7340873253658502
0.3353047384599107
0.10783074805133261
-0.001765356017528391
0.47019938014976115
0.5243375943235468
0.8674566376465535
1.9714430946760078
2.1077644149180474
0.9032007979438321
0.502770943391705
0.05830413431525194
0.07703074159570986
0.2794143975827883
0.5675327747601931
0.4865997153898698
2.018192862693116
2.277055877873589
1.100342930226151
0.47083303887817585
0.24403831093890482
0.011181243209042457
0.18022120987167664
0.587162206203606
0.3333954088833251
0.5045127650013698
3.0295209922881483
3.9071163407526877
1.9633570697421316
0.2601775668652814
0.006932024835041184
0.08315539250882939
-4.385304711252891
-7.203329453010151
-8.694045412733164
-9.13227885628358
-8.446719560539993
-7.609266375519571
-7.337378961980637
-7.676621195991817
-6.14386590685607
-3.2542316841753127
-3.3752985370844275
-2.9927250104411023
-3.7698771778870817
-5.986942013312923
-7.822845953031187
-9.046052020110633
-10.0752154343738
-10.365353081722983
-8.179428595116985
-4.912737037192923
4.597737666548712
6.1689795437441575
6.786717867080523
7.777172155088211
8.645970404423124
6.8178563612573
1.8925521864528565
0.16213937823141444
0.8114634403914833
0.49266773546071874
1.7392136657101338
1.8322245330625364
2.5098245128129397
5.054384866291771
5.645854586342366
2.401383493764369
-0.29905794957020415
0.5372616043443788
1.0038268333039793
1.7659862798941575
-1.2378240709920811
-2.0294846143291463
-2.355150358448416
-1.833782537469357
-4.763048961729445
-7.409238882695734
-5.080078402413154
-1.8436484534141357
-1.2087394205142012
0.6012250659711735
-0.1762793274189891
-0.45012444838404253
-0.05358357858270657
-1.5869510343671862
-4.984161808885662
-5.218123885188149
-2.0750581245577964
-1.6922335174782266
-0.14325936245488474
1.139524110957243
0.07333595456480652
0.36526257808703894
0.3653588514257738
-3.2799643568743804
-5.971128489732968
-3.6672635355031367
-2.0956339098258194
-1.7361086097424796
-0.04553869310274744
1.1733575507660692
0.13230673721939096
0.8244204659328245
-1.794673736602187
-5.381919197030116
-4.840384394639452
-1.4593516034760738
-1.0053233217008686
-0.2572969614773066
1.014872506850226
0.6812533376186483
0.28956935045256477
-0.40804640915543205
-3.410339135558921
-5.163826408532265
-2.7805597161722124
-1.8979834953539678
-0.8283033664116701
0.8381004759790291
1.2476435463828508
0.199018926124581
-0.09381566495132726
-1.9118618852395235
-3.4887083173447326
-2.562591772463878
-1.817622064801981
-2.7824753665238875
-1.4545809179465838
0.4557036164351887
0.5009699279664093
0.07589980604378926
-0.30191009839347277
0.6666368762139205
1.9333540340499513
1.4373754153398823
0.6714525993061744
-0.17813017889642824
-0.24346846224802166
0.08857744187985928
0.14091621962771966
0.14519965003746332
3.513115611842935
6.375747720476378
7.720850144920017
7.8167078610625085
7.637991523870636
6.8277599872802
6.734991721465389
6.5251604885618635
5.272125794290163
3.0394125973747843
5.239498096274886
5.065700328953339
4.4111311543366485
6.1539823443659865
7.208319297803369
7.841919113298804
7.627703554512006
7.461233563019958
5.578198033169587
2.7881042752087426
-1.0106889125066096
-1.782039102751557
-1.6910985023149805
-1.0494623584186515
-1.8475802139626594
-0.7773118007609607
2.0234224873310427
2.8887751961595916
1.3900201615293277
0.006636051629245576
-2.6802641951267505
-2.7299576496435938
-3.41146378876606
-4.752912710180777
-4.494947808445511
-0.9964788440177004
2.505999720413377
1.257578795886144
-0.7384659547695467
-0.9013948218069352
-0.3531576261347813
-0.7749967580762624
-1.5236606973636198
-2.0880093061560863
0.8906347765991209
4.035712680158546
2.278934161586101
-0.9178877293250529
-1.497899190380347
-0.317311695595856
0.10526711953969681
-0.016735963013137234
-0.7330480649174387
0.4441357319615316
3.940958899330832
4.617992237800309
0.8853300851058641
-1.3540191857418904
-0.7325896445502702
-0.0002261261003124737
0.08205330066358946
-0.48216608436797453
-0.40293361073504425
3.074618965934378
5.888391825787721
3.046455873361546
-0.2767049570544628
-0.9194362290201079
-0.16907921871977477
-0.12046627352902073
-0.018937417969003445
-0.7826133099975552
1.8560170340190854
5.534412954667277
5.14515433772412
0.3132659915334
-1.8346802793336496
-0.8672542741288332
-0.0133906393506249
-0.07675592258035069
-0.05282797014400559
0.7161535871617821
4.759518179831467
6.350162407784685
2.8173941612232185
-0.17343480594449096
-0.6114006238748746
-0.06787097516500312
-0.14796018900692198
0.04726441632085532
-0.560051297099595
1.2244415635342787
1.5540457781219428
1.1531719335337383
0.5898138622881359
0.48713479885671207
0.7589826202868406
1.6499258276137678
1.5840381520162676
0.30020303396392745
-0.5212429463856081
2.0365525139665803
3.474647737532276
2.7310118196999036
2.047457392860212
1.5259166724078903
1.8059329809418494
3.481626740803892
3.695684811023434
0.6399169463267385
-2.653136112306454
-0.9161057811450171
2.313617112888743
3.189889335582369
2.7841696834766365
1.79737182196343
2.457168858353705
5.070548778491143
6.534318230874303
2.3530542963299625
-4.6286891844975155
-5.432430533962924
-3.8324752109558364
-2.214991986671487
-1.515527876128764
-1.882094352689195
0.295206666495585
4.0360686637531415
6.79215475384414
4.194889752808007
-2.2967115726807252
-3.882724874670558
-4.929722537354591
-5.385206973116666
-5.651354787009669
-5.149775025938602
-3.1261764449649103
0.5621727657648221
2.6249989088541583
2.0362732238278154
-0.18486036805838005
-0.40944118994215795
-1.0218593777052905
-1.9214474066582685
-3.015667353347597
-3.069078773592641
-1.483052582991696
1.202100493449656
1.4205583001150328
0.23075457625240967
0.018004271229738328
-0.013704355593913808
-0.5070737164289552
-1.2290985234287906
-1.0144337575987885
-1.1938367020057232
0.101204864402201
1.0877496856620668
0.9023302132282629
0.3779287976010972
0.020078364046464986
-0.3765634854457256
-0.9715588150464711
-1.0776424865644345
-0.5375272065883734
0.34530727322391463
1.1420545069064418
0.8970277720827633
0.012551259628797523
0.33249600701919624
-0.06295006793760449
-0.7386691346747642
-1.7863971698703551
-0.9056090764265781
0.058573337230111155
1.1607993241712633
1.2629372193356152
0.8006649959004497
0.39743744477946064
0.2068210679288562
-0.10289245628787103
-1.107335188177963
-2.570126890998444
-1.5028879767515528
1.2306261759133372
1.6884189796681945
0.8271266900058654
0.138347139070208
0.3960360835585566
0.037966436298181944
0.16663455337465966
0.12028525012992342
0.11217887214226485
0.021629757360840274
0.27687944052760705
0.23373064587960235
-0.12521947837356728
-0.5638248470930035
-0.023056010069867905
-0.006850853938575097
-0.5775874883542171
-1.1667649248659198
-1.530157443364843
-1.4278394997436235
-1.1817611181086076
-0.7740328703639362
-1.1840463437892876
-1.555689685124872
-0.40559923918399765
-0.2107948783064998
-1.0899528473507067
-1.4600580337470492
-2.0219394047548405
-2.4337543760661076
-2.057726143205856
-2.3269785740825073
-2.998990134099644
-2.4568016884535644
-1.7810682568739533
-1.2247814619084039
-0.4944770012364318
-0.5846565313943061
-1.598123052314056
-2.2463221353804532
-1.9126817041448743
-2.471325941950016
-3.5755108425941415
-3.0733610923755443
-2.3550131260064426
-2.246961381567397
-0.11266529181031681
-0.24687786167866232
-0.9231718346463003
-0.7581961544079154
-1.23148284182441
-3.0301567388923814
-3.6129679411409223
-3.046512659040816
-2.9240562194063386
-2.7044636984019204
0.04655481003653572
-0.04035678966983258
0.3077471086498741
0.3253955244337401
-0.8655912939631247
-2.261144029536033
-2.522981713079067
-1.8037283550236962
-2.4276548962454116
-2.217886488549604
0.062856893094829
0.19162022016625557
0.6322269357099493
0.014982616471410581
-1.633856507672102
-2.199102019408662
-1.4631581484909293
-1.781190631865798
-2.383720808611426
-1.4003854400591513
0.0893968064236994
0.614746010938205
0.2860232501559622
-1.1283413709090242
-2.075929217910455
-2.0254255395911414
-1.7467691499002898
-2.046906127324461
-1.9849289064453832
-0.6983435742914625
0.20975398291720482
0.7262812264999366
-0.11111312542358065
-2.059508196517777
-2.3872232930140296
-1.5224733914883082
-1.8466338906592923
-2.5157477140229982
-1.2158488029830363
-0.1385596851574349
0.2216183646465295
0.3748597069376397
-0.9104840636474003
-2.653441094720318
-1.9778300693552158
-1.447293728746406
-2.24338415713519
-1.8295673947173667
-0.5855410723734022
0.030719680484947665
2.519818902937024
1.9807071135426704
2.7213455714979204
3.7204390736266646
3.7322930127817813
3.7110179565904104
3.1015822322994495
1.136971797230842
1.3404727880741663
2.097889980534671
2.6469715179392495
2.812183958453179
2.9446726608056557
2.7904845977773816
3.231457299933086
4.747942355972614
4.421651800295936
0.941870140161032
1.3237718530494251
2.629534401663687
1.5477449976989064
1.2318961197827663
0.5325492086090845
-0.20727146658252282
1.3183031159260996
2.9717005670738716
1.1013927286351937
-2.4249385763773845
-0.2964877299379305
0.7507594124898127
-1.4218305165252572
-1.9587380498225648
-2.6445041876970743
-2.600871983680678
-0.10106537849925523
0.750850285644069
-2.6549296327357372
-4.2028429100156535
-0.9745411617799132
-1.3754725399146137
-1.55493034858219
-2.533392772929153
-3.4080235582688085
-1.790542491116689
0.6760688431539342
-0.38287706497951
-3.9437143134322694
-3.9934104517886477
-1.9778025001336998
-2.486334963321727
-0.1956763008644246
-0.3975146795762367
0.2772055539398877
2.162157652591247
3.3568351268679377
-0.1703971966659189
-2.759729460843673
-2.1056132149473226
-3.1073750941683063
-2.840580272697292
-0.016598971641657412
0.3236289594958191
2.48554486154511
4.662868916195877
2.954439845322096
-0.8790791943162697
-1.7611154974573098
-2.0514471605774127
-3.056646526691027
-1.7287232552275755
0.04559994527960992
1.630520656683312
4.285827723293001
4.187100526806939
0.7689592792356107
-1.1986808203745145
-1.5899245674674662
-3.2826450335337705
-2.782026240628964
-0.5491523419537425
0.3587219796088004
3.4135159310274017
5.894926752236601
2.318855904128865
-1.2233763073233854
-1.4184482365860558
-2.3569997161383953
-3.106203150610209
-1.5497653297897453
-0.05500013656192132
0.5609583434729881
4.539589223452406
5.613563894811332
-0.03866742038230575
-2.9089632611367775
-2.1817333926080646
-2.9250349158617888
-2.308096558166056
-0.37024244597833383
-0.0011103763224878382
-1.7635390730788394
-3.08033670147286
-4.307065910569345
-4.718713945546024
-5.174833669687923
-5.420381946573452
-5.867008358877338
-6.003229509730427
-4.542367468730342
-2.339272865724004
4.432739781163236
6.3540997872820055
6.185210914816526
4.8594713357688955
3.5654790568747297
2.9659454639127683
1.4950792933937658
-0.5165063018670741
-1.2558399164636511
-1.0317448049773885
3.251306702516636
4.2920712133668335
5.1105885264993915
6.15136791478195
7.303103924398577
6.613790120394405
4.27644099604248
2.1184093952842487
1.0376701152999728
0.42799603442758616
-1.4901828164400759
-1.5562578544405186
-1.045180196246686
-0.7792638762812867
-1.0068118240515942
-1.874862452414957
-1.678262383558794
-1.1630012475239502
-0.2500928170098158
-0.13027415689898358
-1.1610254305242622
-1.308134235096295
-1.1298159084894126
-0.8850441169899408
-0.6705892229101604
-0.47819065273000816
0.20324881289232355
1.0606437721036612
0.7914248746713235
0.4231460515070826
-0.12540263899310158
-0.24382715333943164
-0.18219449337008792
-0.7067714243823868
-0.8765659813347546
-1.03915145322999
-1.1252600505408834
-0.30837500934140616
-0.18301304946702368
0.18132101218888996
0.004157585106877547
0.09232881420057934
-0.09091040847210269
-0.29819708200236167
-0.8539694779223377
-0.9927917047996335
-0.436987153483412
-0.0471284154295839
0.24133159999856169
0.16917612580327196
0.023510366742864185
0.10245640440270007
-0.11949003512795131
-0.49955561690375316
-0.3297423304357141
-0.22429863280006468
0.32698533665532326
0.07578941652168414
0.2015158169096054
0.2205845819613916
0.06646739701710144
0.24222122413032987
0.385195492602026
-0.34335809126635786
-1.3805208214782525
-1.274610585652332
-0.6729392163584631
-0.040783025081082336
0.11111591335361831
0.0532589760283226
0.10916901031221313
1.3188613250234182
2.2523726653918636
1.968780057206334
0.432330102127767
-0.11852294421312681
-0.19228551254926884
0.17614885977406058
0.21756672928142248
0.019020508803066792
-1.6719612058480386
-0.21703568925629507
0.1275597082848225
-0.9760575440242274
-1.3922856383370554
-1.3392992703480768
-0.7206787219653261
0.5634745458922925
0.6256444031532613
-0.2885630247518332
0.4679651287311034
2.0718437069691404
0.6147402926882477
-1.0425892229080365
-1.2055712105478325
-1.5565373484253815
-0.7549224267416594
1.873350078284302
0.9395836039586898
-1.4985794356859747
4.350824811027508
3.5667299967563832
0.7671149144155861
0.35588926369979046
0.17352595931392437
-0.7358987978221854
1.4207700726328598
4.699833478350685
-0.008662164078857615
-3.3822954322090153
3.9187980664193094
0.540981307586606
-0.9316895622983886
-0.04425384484528194
-1.2336287368455867
-1.6194177810823955
3.6931158504656407
4.804638579033668
-4.39813714118757
-5.201507668674961
1.1961199291028413
-0.7009222118149946
-1.058198373670019
-2.1682182716328904
-4.6688545696327886
-0.34533258829814484
7.454437707705261
1.3478658294348946
-8.8704922887117
-4.702771337071417
0.02980253929775642
-0.0017910872385912546
-0.506706423225246
-2.864477955232556
-2.3210229478410964
7.08877999111749
9.058672325774609
-4.318318019805243
-9.252258252375654
-2.306969335839971
-0.11339102002836735
-0.2941762560423563
-1.9130702394043693
-3.2276854198403537
3.322779068827276
11.597662790470942
2.483150306407313
-9.212943038086662
-5.828267673266025
0.08373577751462224
-0.14844304260566102
-1.132665273625275
-3.3907916047193742
-0.3043226466747404
9.74752755284912
8.722988470015022
-5.36551690967517
-8.86199086703804
-1.9672215005662073
0.6396099774459599
-0.3426907320483047
-2.562223933302286
-3.0997229316085013
6.0938196788275425
11.946275793422979
0.26962077105613774
-9.569239485418054
-4.956641375502047
0.2723669625510271
0.23300082904237848
-0.5724095838687943
-3.2231491276457462
0.8315237310854844
11.088877215082446
6.817033962941846
-7.198042523549475
-8.43456431208607
-1.3775620227664047
0.6241843425911658
-0.05081432822155155
-1.6692392972571062
-3.4339256182671525
-5.220353153556653
-5.688908339151249
-5.774649637984703
-6.180176993104988
-6.563864230760965
-6.490235131205418
-5.451439700351498
-3.966675714785272
-0.43532628315692423
0.8293217633926353
2.6303610857660615
3.2683232389826937
1.819097578067149
0.23024516527219951
-1.0044928292263737
-1.5613520931656328
-1.5884329149342529
-1.4419759172051938
1.8015914233939205
3.733870032409733
5.227682141624621
5.720966970055784
6.00024511610855
5.412574302065172
4.198627915218079
3.121786573445102
2.0212682032334612
2.199533728105712
2.972346210641984
3.554620219641008
3.861708853617801
4.433431658007059
4.5666277642111615
3.387839127292703
1.9330319598239167
1.4018511997746548
2.4668175794066722
2.7687733397545653
1.2606951028013527
1.5364540022637287
1.7989857167339223
1.8384779525384918
0.4538572085544724
-0.25924820297937745
0.6124347421369469
1.9622288031209472
3.4431222904956713
2.554984721538967
0.17815488503114896
0.21351355535855987
0.13175155974982433
-0.8248269149657245
-1.9193525594007732
-1.46115477066896
0.4543011888143629
2.314494792662056
2.718308114840663
1.0940110107301657
0.08611635816924479
0.04096570712257963
-0.3330569410790921
-1.8637816489337145
-1.8845683942783944
-0.17145841158421193
1.8049213030934648
3.04098682732146
2.041635001895531
0.3464676130879807
0.077731388795508
-0.0926332683822012
-1.5096817058765244
-2.403499913494839
-1.295909298963799
1.1638740956839997
3.431028412703094
3.344619683850354
1.0789630605154774
0.013282365534560858
0.05554540326224233
-0.5277322035613029
-2.05927290425417
-1.7913691887987853
0.32826778699398385
2.1987132541171754
2.8121535332327343
1.4761248570014167
0.17039692010671303
0.04409717783113409
0.030687757183054276
-0.6175269823771293
-0.26593381477682043
1.6967187666452561
3.9066313347762978
4.08314660186471
2.475771578414034
0.6996694469860198
-0.003435028989227984
0.08139041346357634
3.9805111049795507
6.1440715974489795
6.676439107131144
6.585259992561176
6.419605948886882
6.2782355059399455
6.362179523716903
5.717464832242611
3.0280155812804908
0.29326919127530765
2.03353012330963
2.2675322747003475
3.278746358832586
4.760981868644438
5.35868119437261
5.872222326435138
7.047572366015873
7.323313210300756
4.337829017813682
1.3115896393611757
-0.8780040327760144
-2.158785866359417
-1.6638196339946627
-0.41135492288765385
0.7186532179608667
3.061346961631285
5.438930852767403
4.600872803366669
1.6906394302775987
1.1025176469054891
-2.5734241011393206
-3.524213729554373
-3.778659345137975
-4.092927660670723
-2.950276339676833
0.9582027970936011
2.53487518826915
-0.22775562584564946
-1.4011469475392981
0.49668245230749813
-1.5556752956853037
-1.8158441610736342
-2.0610292107274586
-2.0648488760673263
0.40346094156315393
2.912492061670687
0.41963228696096433
-3.359134916486533
-1.67396546144342
0.2539022950396525
-0.19720219524263455
-0.33145879791253396
-0.2531031745389881
1.573050222875382
5.161014075370364
4.32149378187977
-1.5910779580450527
-3.0823091819126756
-0.17056479777141115
0.5613894962514845
-0.006311864064108608
0.10717640583936971
1.0448007335189127
4.649117843604729
6.1665378849462185
1.4713957026833933
-2.856313045025997
-1.6344233394752832
0.37167741278756145
-0.036153853992919205
0.01628470515858027
0.46030808505478327
3.3513489607129334
6.70912177445477
4.203396445424774
-1.9927108793943873
-2.9007207106297788
0.18244976056693235
0.4765806920013182
-0.32505759305390686
0.08203900128103359
1.3588232407231886
5.369839013898743
6.627409195711227
1.4926345982056641
-2.5972260697444227
-1.2428062167985556
0.21983628261878158
-0.09464826447608626
-0.17564638961686535
0.15050611908059175
1.7433779559612836
3.7303359466283683
1.974835613611984
-1.658742895749691
-1.4391685022927427
0.6315860958108657
0.3611301254845682
-0.36702135139740305
-0.03405693004578353
