0.0
0.0
0.0
0.0
0.0
0.0
0.0
0.0
0.0
0.0
0.0
0.0
0.0
0.0
0.0
0.0
0.0
0.0
0.0
0.0
0.0
0.0
0.0
0.0
0.0
0.0
0.0
0.0
0.0
0.0
0.0
0.0
0.0
0.0
0.0
0.0
0.0
0.0
0.0
0.0
0.0
0.0
0.0
0.0
0.0
0.0
0.0
0.0
0.0
0.0
0.0
0.0
0.0
0.0
0.0
0.0
0.0
0.0
0.0
0.0
0.0
0.0
0.0
0.0
0.0
0.0
0.0
0.0
0.0
0.0
0.0
0.0
0.0
0.0
0.0
0.0
0.0
0.0
0.0
0.0
0.0
0.0
0.0
0.0
0.0
0.0
0.0
0.0
0.0
0.0
0.0
0.0
0.0
0.0
0.0
0.0
0.0
0.0
0.0
0.0
0.0
0.0
0.0
0.0
0.0
0.0
0.0
0.0
0.0
0.0
0.0
0.0
0.0
0.0
0.0
0.0
0.0
0.0
0.0
0.0
0.0
0.0
0.0
0.0
0.0
0.0
0.0
0.0
0.0
0.0
0.0
0.0
0.0
0.0
0.0
0.0
0.0
0.0
0.0
0.0
0.0
0.0
0.0
0.0
0.0
0.0
0.0
0.0
0.0
0.0
0.0
0.0
0.0
0.0
0.0
0.0
0.0
0.0
0.0
0.0
0.0
0.0
0.0
0.0
0.0
0.0
0.0
0.0
0.0
0.0
0.0
0.0
0.0
0.17636976
0.64713037
0.9148316
0.91589606
0.6432427
0.3415719
0.10964939
0.0
0.0
0.0
0.0
0.0
0.0
0.0
0.0
0.0
0.0
0.0
0.0
0.0
0.0
0.0
0.0
0.0
0.0
0.0
0.0
0.0
0.6749888
1.61914
2.1309829
2.2895224
2.069469
1.8593127
1.459637
1.2475096
1.1460785
1.1460785
1.1460785
1.1460785
1.1460785
1.1460785
1.0755017
0.7060108
0.24682282
0.010019321
0.0
0.0
0.0
0.0
0.0
0.0
0.0
0.0
0.0
0.0
0.75632155
1.8154566
2.5224185
2.6572096
2.5676513
2.6354692
2.5823565
2.4660287
2.3738036
2.423129
2.4484372
2.4383547
2.3751278
2.3806071
2.3763611
1.862069
0.9170114
0.17912392
0.0
0.0
0.0
0.0
0.0
0.0
0.0
0.0
0.0
0.0
0.6777534
1.3273222
1.7231536
1.8602462
1.9290775
2.191318
2.440749
2.458321
2.5172613
2.5950778
2.6928096
2.6654649
2.5061202
2.9533281
3.4397986
2.775982
1.3655012
0.36043954
0.0
0.0
0.0
0.0
0.0
0.0
0.0
0.0
0.0
0.0
0.14356314
0.38717753
0.42843768
0.5160734
0.6767205
1.00876
1.355681
1.3947575
1.5630057
1.5612223
1.6858523
1.6608107
1.728122
2.7173219
3.3869288
2.802272
1.2984791
0.3159827
0.0
0.0
0.0
0.0
0.0
0.0
0.0
0.0
0.0
0.0
0.0
0.0
0.0
0.0
0.0
0.010037839
0.17085846
0.13627124
0.23776223
0.27641073
0.3322385
0.36632767
0.98819345
2.51931
3.006282
2.1374464
0.8862335
0.108247355
0.0
0.0
0.0
0.0
0.0
0.0
0.0
0.0
0.0
0.0
0.0
0.0
0.0
0.0
0.0
0.0
0.0
0.0
0.0
0.0
0.0
0.3292858
1.6057757
2.9570446
2.9004028
1.5307599
0.40225434
0.0
0.0
0.0
0.0
0.0
0.0
0.0
0.0
0.0
0.0
0.0
0.0
0.0
0.0
0.0
0.0
0.0
0.0
0.0
0.0
0.0
0.11335471
1.0344096
2.5843685
3.0982049
2.10643
0.91421413
0.130174
0.0
0.0
0.0
0.0
0.0
0.0
0.0
0.0
0.0
0.0
0.0
0.0
0.0
0.0
0.0
0.0
0.0
0.0
0.0
0.0
0.0
0.40578148
1.8164678
3.000743
2.7878978
1.4779955
0.40731856
0.010986812
0.0
0.0
0.0
0.0
0.0
0.0
0.0
0.0
0.0
0.0
0.0
0.0
0.0
0.0
0.0
0.0
0.0
0.0
0.0
0.0
0.0
0.9008132
2.5256004
3.0143476
1.9125934
0.730646
0.038822908
0.0
0.0
0.0
0.0
0.0
0.0
0.0
0.0
0.0
0.0
0.0
0.0
0.0
0.0
0.0
0.0
0.0
0.0
0.0
0.0
0.0
0.2983896
1.6641632
2.8314803
2.537239
1.2507865
0.27338833
0.0
0.0
0.0
0.0
0.0
0.0
0.0
0.0
0.0
0.0
0.0
0.0
0.0
0.0
0.0
0.0
0.0
0.0
0.0
0.0
0.0
0.15368435
1.0405265
2.4665413
2.8637323
1.8198583
0.7009273
0.025733765
0.0
0.0
0.0
0.0
0.0
0.0
0.0
0.0
0.0
0.0
0.0
0.0
0.0
0.0
0.0
0.0
0.0
0.0
0.0
0.0
0.012530666
0.70521146
2.0762193
3.0252318
2.5446386
1.1991365
0.25753295
0.0
0.0
0.0
0.0
0.0
0.0
0.0
0.0
0.0
0.0
0.0
0.0
0.0
0.0
0.0
0.0
0.0
0.0
0.0
0.0
0.0
0.51814616
1.7519748
2.9313314
3.0260127
1.7554774
0.6431362
0.024680413
0.0
0.0
0.0
0.0
0.0
0.0
0.0
0.0
0.0
0.0
0.0
0.0
0.0
0.0
0.0
0.0
0.0
0.0
0.0
0.0
0.065806955
1.1217422
2.6445718
3.2106512
2.3110504
1.0269483
0.20162608
0.0
0.0
0.0
0.0
0.0
0.0
0.0
0.0
0.0
0.0
0.0
0.0
0.0
0.0
0.0
0.0
0.0
0.0
0.0
0.0
0.042777877
0.68525434
2.2618792
3.0015953
2.6555266
1.3671396
0.39457697
0.0015066266
0.0
0.0
0.0
0.0
0.0
0.0
0.0
0.0
0.0
0.0
0.0
0.0
0.0
0.0
0.0
0.0
0.0
0.0
0.0
0.0
0.35552278
1.4916215
2.9265168
3.076422
1.8455018
0.61876035
0.047522638
0.0
0.0
0.0
0.0
0.0
0.0
0.0
0.0
0.0
0.0
0.0
0.0
0.0
0.0
0.0
0.0
0.0
0.0
0.0
0.0
0.118395925
1.0531269
2.5652082
3.6028168
2.841318
1.3125818
0.22522525
0.0
0.0
0.0
0.0
0.0
0.0
0.0
0.0
0.0
0.0
0.0
0.0
0.0
0.0
0.0
0.0
0.0
0.0
0.0
0.0
0.0
0.37912413
1.786342
3.1605127
3.878882
2.5843542
1.1374342
0.14662895
0.0
0.0
0.0
0.0
0.0
0.0
0.0
0.0
0.0
0.0
0.0
0.0
0.0
0.0
0.0
0.0
0.0
0.0
0.0
0.0
0.0
0.64972216
2.2856834
3.42078
3.324577
1.857491
0.78111154
0.09041944
0.0
0.0
0.0
0.0
0.0
0.0
0.0
0.0
0.0
0.0
0.0
0.0
0.0
0.0
0.0
0.0
0.0
0.0
0.0
0.0
0.0
0.50495976
1.4718564
2.1397238
2.0211663
1.1162543
0.2977842
0.0067733973
0.0
0.0
0.0
0.0
0.0
0.0
0.0
0.0
0.0
0.0
0.0
0.0
0.0
0.0
0.0
0.0
0.0
0.0
0.0
0.0
0.0
0.28777048
0.8562339
1.0926144
0.6451382
0.21441203
0.0
0.0
0.0
0.0
0.0
0.0
0.0
0.0
0.0
0.0
0.0
0.0
0.0
0.0
0.0012795696
0.0012795696
0.0012795696
0.0012795696
0.0012795696
0.0012795696
0.0012795696
0.0012795696
0.0012795696
0.0012795696
0.0012795696
0.0012795696
0.0012795696
0.0012795696
0.0012795696
0.0012795696
0.0012795696
0.0012795696
0.0012795696
0.0012795696
0.0012795696
0.0012795696
0.0012795696
0.0012795696
0.0012795696
0.0012795696
0.0012795696
0.0012795696
0.0012795696
0.0012795696
0.0012795696
0.0012795696
0.0012795696
0.0012795696
0.0012795696
0.0012795696
0.0012795696
0.0012795696
0.0012795696
0.0012795696
0.0012795696
0.0012795696
0.0012795696
0.0012795696
0.0012795696
0.0012795696
0.0012795696
0.0012795696
0.0012795696
0.0012795696
0.0012795696
0.0012795696
0.0012795696
0.0012795696
0.0012795696
0.0012795696
0.0012795696
0.0012795696
0.0012795696
0.0012795696
0.0012795696
0.0012795696
0.0012795696
0.0012795696
0.0012795696
0.0012795696
0.0012795696
0.0012795696
0.0012795696
0.0012795696
0.0012795696
0.0012795696
0.0012795696
0.0012795696
0.0012795696
0.0012795696
0.0012795696
0.0012795696
0.0012795696
0.0012795696
0.0012795696
0.0012795696
0.0012795696
0.0012795696
0.0012795696
0.0012795696
0.0012795696
0.0012795696
0.0012795696
0.0012795696
0.0012795696
0.0012795696
0.0012795696
0.0012795696
0.0012795696
0.0012795696
0.0012795696
0.0012795696
0.0012795696
0.0012795696
0.0012795696
0.0012795696
0.0012795696
0.0012795696
0.0012795696
0.0012795696
0.0012795696
0.0012795696
0.0012795696
0.0012795696
0.0012795696
0.0012795696
0.0012795696
0.0012795696
0.0012795696
0.0012795696
0.0012795696
0.0012795696
0.0012795696
0.0012795696
0.0012795696
0.0012795696
0.0012795696
0.0012795696
0.0012795696
0.0012795696
0.0012795696
0.0012795696
0.0012795696
0.0012795696
0.0012795696
0.0012795696
0.0012795696
0.0012795696
0.0012795696
0.0012795696
0.0012795696
0.0012795696
0.0012795696
0.0012795696
0.0012795696
0.0012795696
0.0012795696
0.0012795696
0.0012795696
0.0012795696
0.0012795696
0.0012795696
0.0012795696
0.0012795696
0.0012795696
0.0012795696
0.0012795696
0.0012795696
0.0012795696
0.0012795696
0.0012795696
0.0012795696
0.0012795696
0.0012795696
0.0012795696
0.0012795696
0.0012795696
0.0012795696
0.0012795696
0.0012795696
0.0012795696
0.0012795696
0.0012795696
0.0012795696
0.0012795696
0.0012795696
0.0012795696
0.0
0.065542966
0.05534444
0.0
0.0
0.0
0.0
0.0
0.0012795696
0.0012795696
0.0012795696
0.0012795696
0.0012795696
0.0012795696
0.0012795696
0.0012795696
0.0012795696
0.0012795696
0.0012795696
0.0012795696
0.0012795696
0.0012795696
0.0012795696
0.0012795696
0.0012795696
0.0012795696
0.0012795696
0.0012795696
0.17268768
0.8458006
0.9794304
1.0249531
0.7521411
0.4213693
0.100990035
0.0
0.0
0.0
0.0
0.0
0.0
0.0
0.0
0.0
0.0
0.0
0.0012795696
0.0012795696
0.0012795696
0.0012795696
0.0012795696
0.0012795696
0.0012795696
0.0012795696
0.0012795696
0.0012795696
0.7753994
2.007645
2.5885162
2.5731401
2.3200855
2.062441
1.6856952
1.4117076
1.2392883
1.302752
1.2662038
1.2665
1.2643425
1.248042
1.2350955
0.86695796
0.26340422
0.0
0.0012795696
0.0012795696
0.0012795696
0.0012795696
0.0012795696
0.0012795696
0.0012795696
0.0012795696
0.0012795696
0.0012795696
0.8980592
1.6180638
2.0282607
2.113145
2.2700188
2.584719
2.7667322
2.8490317
2.7242463
2.8716285
2.8562682
2.8479154
2.7847435
2.7315555
2.9186962
2.0283077
0.86544394
0.16375363
0.0012795696
0.0012795696
0.0012795696
0.0012795696
0.0012795696
0.0012795696
0.0012795696
0.0012795696
0.0012795696
0.0012795696
0.22671033
0.4792972
0.4657723
0.5910466
0.7765466
1.1375484
1.522489
1.5777075
1.713842
1.7895463
1.910182
1.8788333
1.6882155
2.1599193
2.8286057
2.3296094
0.94309187
0.29517743
0.0012795696
0.0012795696
0.0012795696
0.0012795696
0.0012795696
0.0012795696
0.0012795696
0.0012795696
0.0012795696
0.0012795696
0.0012795696
0.0012795696
0.0012795696
0.0012795696
0.0012795696
0.058478422
0.24731034
0.15703698
0.3070622
0.33401722
0.38269395
0.3541478
0.40541902
1.8552214
2.4929688
1.7834215
0.7022636
0.13055804
0.0012795696
0.0012795696
0.0012795696
0.0012795696
0.0012795696
0.0012795696
0.0012795696
0.0012795696
0.0012795696
0.0012795696
0.0012795696
0.0012795696
0.0012795696
0.0012795696
0.0012795696
0.0012795696
0.0012795696
0.0012795696
0.0012795696
0.0012795696
0.0012795696
0.04092544
0.96630836
2.309983
2.3731833
1.022668
0.3103629
0.017811289
0.0012795696
0.0012795696
0.0012795696
0.0012795696
0.0012795696
0.0012795696
0.0012795696
0.0012795696
0.0012795696
0.0012795696
0.0012795696
0.0012795696
0.0012795696
0.0012795696
0.0012795696
0.0012795696
0.0012795696
0.0012795696
0.0012795696
0.0012795696
0.0
0.40010154
1.8962669
2.622823
1.8304675
0.82405293
0.15554811
0.0012795696
0.0012795696
0.0012795696
0.0012795696
0.0012795696
0.0012795696
0.0012795696
0.0012795696
0.0012795696
0.0012795696
0.0012795696
0.0012795696
0.0012795696
0.0012795696
0.0012795696
0.0012795696
0.0012795696
0.0012795696
0.0012795696
0.0012795696
0.0012795696
0.12337115
1.2678642
2.4867115
2.4484851
1.1173577
0.38555428
0.04169044
0.0012795696
0.0012795696
0.0012795696
0.0012795696
0.0012795696
0.0012795696
0.0012795696
0.0012795696
0.0012795696
0.0012795696
0.0012795696
0.0012795696
0.0012795696
0.0012795696
0.0012795696
0.0012795696
0.0012795696
0.0012795696
0.0012795696
0.0012795696
0.0006131503
0.4903903
2.0364797
2.6192203
1.5418441
0.5950287
0.06709022
0.0012795696
0.0012795696
0.0012795696
0.0012795696
0.0012795696
0.0012795696
0.0012795696
0.0012795696
0.0012795696
0.0012795696
0.0012795696
0.0012795696
0.0012795696
0.0012795696
0.0012795696
0.0012795696
0.0012795696
0.0012795696
0.0012795696
0.0012795696
0.0012795696
0.012076106
1.031444
2.2718565
2.1719096
0.89366317
0.2829437
0.005871714
0.0012795696
0.0012795696
0.0012795696
0.0012795696
0.0012795696
0.0012795696
0.0012795696
0.0012795696
0.0012795696
0.0012795696
0.0012795696
0.0012795696
0.0012795696
0.0012795696
0.0012795696
0.0012795696
0.0012795696
0.0012795696
0.0012795696
0.0012795696
0.0
0.36435422
1.7577604
2.402164
1.4629908
0.561773
0.054548442
0.0012795696
0.0012795696
0.0012795696
0.0012795696
0.0012795696
0.0012795696
0.0012795696
0.0012795696
0.0012795696
0.0012795696
0.0012795696
0.0012795696
0.0012795696
0.0012795696
0.0012795696
0.0012795696
0.0012795696
0.0012795696
0.0012795696
0.0012795696
0.0
0.17026958
1.3663676
2.376002
2.1899598
0.87286747
0.26952952
0.0012795696
0.0012795696
0.0012795696
0.0012795696
0.0012795696
0.0012795696
0.0012795696
0.0012795696
0.0012795696
0.0012795696
0.0012795696
0.0012795696
0.0012795696
0.0012795696
0.0012795696
0.0012795696
0.0012795696
0.0012795696
0.0012795696
0.0012795696
0.0010574298
0.031521548
0.9687568
2.1577685
2.6117795
1.450248
0.5523643
0.053630013
0.0012795696
0.0012795696
0.0012795696
0.0012795696
0.0012795696
0.0012795696
0.0012795696
0.0012795696
0.0012795696
0.0012795696
0.0012795696
0.0012795696
0.0012795696
0.0012795696
0.0012795696
0.0012795696
0.0012795696
0.0012795696
0.0012795696
0.0012795696
0.005174601
0.5443298
2.1026692
2.681133
2.0360024
0.86143786
0.21581519
0.0012795696
0.0012795696
0.0012795696
0.0012795696
0.0012795696
0.0012795696
0.0012795696
0.0012795696
0.0012795696
0.0012795696
0.0012795696
0.0012795696
0.0012795696
0.0012795696
0.0012795696
0.0012795696
0.0012795696
0.0012795696
0.0012795696
0.0012795696
0.0
0.1085369
1.5167537
2.4616818
2.4284043
1.1908157
0.3870623
0.03342458
0.0012795696
0.0012795696
0.0012795696
0.0012795696
0.0012795696
0.0012795696
0.0012795696
0.0012795696
0.0012795696
0.0012795696
0.0012795696
0.0012795696
0.0012795696
0.0012795696
0.0012795696
0.0012795696
0.0012795696
0.0012795696
0.0012795696
0.0012795696
0.06075566
0.82458323
2.231315
2.5516279
1.36605
0.4844366
0.0737722
0.0012795696
0.0012795696
0.0012795696
0.0012795696
0.0012795696
0.0012795696
0.0012795696
0.0012795696
0.0012795696
0.0012795696
0.0012795696
0.0012795696
0.0012795696
0.0012795696
0.0012795696
0.0012795696
0.0012795696
0.0012795696
0.0012795696
0.0012795696
0.0
0.44170287
1.8812538
2.6525166
2.1670945
0.7294724
0.13500169
0.0021979986
0.0012795696
0.0012795696
0.0012795696
0.0012795696
0.0012795696
0.0012795696
0.0012795696
0.0012795696
0.0012795696
0.0012795696
0.0012795696
0.0012795696
0.0012795696
0.0012795696
0.0012795696
0.0012795696
0.0012795696
0.0012795696
0.0012795696
0.0012795696
0.12873222
1.2603309
2.4857616
2.969279
1.9510796
0.67027014
0.0908544
0.0012795696
0.0012795696
0.0012795696
0.0012795696
0.0012795696
0.0012795696
0.0012795696
0.0012795696
0.0012795696
0.0012795696
0.0012795696
0.0012795696
0.0012795696
0.0012795696
0.0012795696
0.0012795696
0.0012795696
0.0012795696
0.0012795696
0.0012795696
0.0012795696
0.46815118
1.9138861
2.840135
2.9836636
1.6983972
0.78958917
0.11998237
0.0012795696
0.0012795696
0.0012795696
0.0012795696
0.0012795696
0.0012795696
0.0012795696
0.0012795696
0.0012795696
0.0012795696
0.0012795696
0.0012795696
0.0012795696
0.0012795696
0.0012795696
0.0012795696
0.0012795696
0.0012795696
0.0012795696
0.0012795696
0.0012795696
0.6789892
1.9453481
2.7391322
2.4204698
1.0971999
0.29072788
0.038016725
0.0012795696
0.0012795696
0.0012795696
0.0012795696
0.0012795696
0.0012795696
0.0012795696
0.0012795696
0.0012795696
0.0012795696
0.0012795696
0.0012795696
0.0012795696
0.0012795696
0.0012795696
0.0012795696
0.0012795696
0.0012795696
0.0012795696
0.0012795696
0.0012795696
0.4084008
1.0264696
1.1669495
0.5869287
0.21676865
0.017811289
0.0012795696
0.0012795696
0.0012795696
0.0012795696
0.0012795696
0.0012795696
0.0012795696
0.0012795696
0.0012795696
0.0012795696
0.0012795696
0.0012795696
0.0012795696
0.026626503
0.026626503
0.026626503
0.026626503
0.026626503
0.026626503
0.026626503
0.026626503
0.026626503
0.026626503
0.026626503
0.026626503
0.026626503
0.026626503
0.026626503
0.026626503
0.026626503
0.026626503
0.026626503
0.026626503
0.026626503
0.026626503
0.026626503
0.026626503
0.026626503
0.026626503
0.026626503
0.026626503
0.026626503
0.026626503
0.026626503
0.026626503
0.026626503
0.026626503
0.026626503
0.026626503
0.026626503
0.026626503
0.026626503
0.026626503
0.026626503
0.026626503
0.026626503
0.026626503
0.026626503
0.026626503
0.026626503
0.026626503
0.026626503
0.026626503
0.026626503
0.026626503
0.026626503
0.026626503
0.026626503
0.026626503
0.026626503
0.026626503
0.026626503
0.026626503
0.026626503
0.026626503
0.026626503
0.026626503
0.026626503
0.026626503
0.026626503
0.026626503
0.026626503
0.026626503
0.026626503
0.026626503
0.026626503
0.026626503
0.026626503
0.026626503
0.026626503
0.026626503
0.026626503
0.026626503
0.026626503
0.026626503
0.026626503
0.026626503
0.026626503
0.026626503
0.026626503
0.026626503
0.026626503
0.026626503
0.026626503
0.026626503
0.026626503
0.026626503
0.026626503
0.026626503
0.026626503
0.026626503
0.026626503
0.026626503
0.026626503
0.026626503
0.026626503
0.026626503
0.026626503
0.026626503
0.026626503
0.026626503
0.026626503
0.026626503
0.026626503
0.026626503
0.026626503
0.026626503
0.026626503
0.026626503
0.026626503
0.026626503
0.026626503
0.026626503
0.026626503
0.026626503
0.026626503
0.026626503
0.026626503
0.026626503
0.026626503
0.026626503
0.026626503
0.026626503
0.026626503
0.026626503
0.026626503
0.026626503
0.026626503
0.026626503
0.026626503
0.026626503
0.026626503
0.026626503
0.026626503
0.026626503
0.026626503
0.026626503
0.026626503
0.026626503
0.026626503
0.026626503
0.026626503
0.026626503
0.026626503
0.026626503
0.026626503
0.026626503
0.026626503
0.026626503
0.026626503
0.026626503
0.026626503
0.026626503
0.026626503
0.026626503
0.026626503
0.026626503
0.026626503
0.026626503
0.026626503
0.026626503
0.026626503
0.026626503
0.026626503
0.026626503
0.026626503
0.27514344
0.8489244
1.199552
1.2073239
0.8819069
0.5037874
0.21370766
0.0681689
0.026626503
0.026626503
0.026626503
0.026626503
0.026626503
0.026626503
0.026626503
0.026626503
0.026626503
0.026626503
0.026626503
0.026626503
0.026626503
0.026626503
0.026626503
0.026626503
0.026626503
0.026626503
0.026626503
0.026626503
0.9520472
2.2954268
2.9426117
3.048803
2.6985645
2.3553653
1.8726498
1.5944241
1.4890406
1.4890406
1.4890406
1.4890406
1.4890406
1.4890406
1.4062016
0.96543825
0.3930178
0.086632185
0.026626503
0.026626503
0.026626503
0.026626503
0.026626503
0.026626503
0.026626503
0.026626503
0.026626503
0.026626503
0.79856855
1.4902214
1.8025901
1.828192
2.25277
2.7998786
3.1801922
3.2190318
3.2167113
3.2781763
3.311641
3.2998068
3.2245839
3.2251892
3.19325
2.441133
1.1645378
0.2687274
0.026626503
0.026626503
0.026626503
0.026626503
0.026626503
0.026626503
0.026626503
0.026626503
0.026626503
0.026626503
0.0
0.0
0.0
0.0
0.0
0.27981874
0.88434815
1.0633185
1.2227802
1.3600528
1.466133
1.429673
1.214428
1.7408898
2.5261905
2.3046083
1.1110436
0.3047596
0.026626503
0.026626503
0.026626503
0.026626503
0.026626503
0.026626503
0.026626503
0.026626503
0.026626503
0.026626503
0.0
0.0
0.0
0.0
0.0
0.0
0.0
0.0
0.0
0.0
0.0
0.0
0.0
0.8795597
1.8953218
1.4402881
0.45441803
0.04724113
0.026626503
0.026626503
0.026626503
0.026626503
0.026626503
0.026626503
0.026626503
0.026626503
0.026626503
0.026626503
0.026626503
0.026626503
0.026626503
0.026626503
0.026626503
0.0
0.0
0.0
0.0
0.0
0.0
0.0
0.8485317
2.0900896
1.966888
0.6914577
0.025019428
0.0
0.026626503
0.026626503
0.026626503
0.026626503
0.026626503
0.026626503
0.026626503
0.026626503
0.026626503
0.026626503
0.026626503
0.026626503
0.026626503
0.026626503
0.026626503
0.026626503
0.026626503
0.026626503
0.026626503
0.026626503
0.026626503
0.4786319
1.8630092
2.5726988
1.6278712
0.3842423
0.0
0.005495943
0.026626503
0.026626503
0.026626503
0.026626503
0.026626503
0.026626503
0.026626503
0.026626503
0.026626503
0.026626503
0.026626503
0.026626503
0.026626503
0.026626503
0.026626503
0.026626503
0.026626503
0.026626503
0.026626503
0.026626503
0.20118006
1.3332907
2.3669472
2.088202
0.81422096
0.14206238
0.0
0.026626503
0.026626503
0.026626503
0.026626503
0.026626503
0.026626503
0.026626503
0.026626503
0.026626503
0.026626503
0.026626503
0.026626503
0.026626503
0.026626503
0.026626503
0.026626503
0.026626503
0.026626503
0.026626503
0.026626503
0.026626503
0.60878944
1.9403332
2.444968
1.1982101
0.05778356
0.0
0.0
0.026626503
0.026626503
0.026626503
0.026626503
0.026626503
0.026626503
0.026626503
0.026626503
0.026626503
0.026626503
0.026626503
0.026626503
0.026626503
0.026626503
0.026626503
0.026626503
0.026626503
0.026626503
0.026626503
0.026626503
0.053253315
0.9922333
2.0731957
1.7822461
0.56549007
3.0001625e-05
0.0
0.026626503
0.026626503
0.026626503
0.026626503
0.026626503
0.026626503
0.026626503
0.026626503
0.026626503
0.026626503
0.026626503
0.026626503
0.026626503
0.026626503
0.026626503
0.026626503
0.026626503
0.026626503
0.026626503
0.026626503
0.026626503
0.42818323
1.6517642
2.214968
1.1498973
0.15979284
0.0
0.020756904
0.026626503
0.026626503
0.026626503
0.026626503
0.026626503
0.026626503
0.026626503
0.026626503
0.026626503
0.026626503
0.026626503
0.026626503
0.026626503
0.026626503
0.026626503
0.026626503
0.026626503
0.026626503
0.026626503
0.026626503
0.24851662
1.4030707
2.4091456
1.916512
0.5926617
0.0
0.0
0.026626503
0.026626503
0.026626503
0.026626503
0.026626503
0.026626503
0.026626503
0.026626503
0.026626503
0.026626503
0.026626503
0.026626503
0.026626503
0.026626503
0.026626503
0.026626503
0.026626503
0.026626503
0.026626503
0.026626503
0.08283866
0.9825027
2.2994893
2.4738247
1.1629499
0.14248781
0.0
0.026626503
0.026626503
0.026626503
0.026626503
0.026626503
0.026626503
0.026626503
0.026626503
0.026626503
0.026626503
0.026626503
0.026626503
0.026626503
0.026626503
0.026626503
0.026626503
0.026626503
0.026626503
0.026626503
0.026626503
0.035502106
0.69779
2.0761964
2.581345
1.7457641
0.41862482
0.0
0.0
0.026626503
0.026626503
0.026626503
0.026626503
0.026626503
0.026626503
0.026626503
0.026626503
0.026626503
0.026626503
0.026626503
0.026626503
0.026626503
0.026626503
0.026626503
0.026626503
0.026626503
0.026626503
0.026626503
0.026626503
0.14864461
1.5279604
2.5631948
2.2161036
0.6705776
0.0
0.0
0.026626503
0.026626503
0.026626503
0.026626503
0.026626503
0.026626503
0.026626503
0.026626503
0.026626503
0.026626503
0.026626503
0.026626503
0.026626503
0.026626503
0.026626503
0.026626503
0.026626503
0.026626503
0.026626503
0.026626503
0.11834108
0.90747124
2.1155357
2.1971567
0.9503438
0.041419543
0.0
0.0
0.026626503
0.026626503
0.026626503
0.026626503
0.026626503
0.026626503
0.026626503
0.026626503
0.026626503
0.026626503
0.026626503
0.026626503
0.026626503
0.026626503
0.026626503
0.026626503
0.026626503
0.026626503
0.026626503
0.026626503
0.5192474
1.9416194
2.6827486
1.7682273
0.33920515
0.0
0.0
0.026626503
0.026626503
0.026626503
0.026626503
0.026626503
0.026626503
0.026626503
0.026626503
0.026626503
0.026626503
0.026626503
0.026626503
0.026626503
0.026626503
0.026626503
0.026626503
0.026626503
0.026626503
0.026626503
0.026626503
0.20709711
1.3173245
2.356353
2.7106419
1.6202898
0.52713996
0.030616326
0.025452584
0.026626503
0.026626503
0.026626503
0.026626503
0.026626503
0.026626503
0.026626503
0.026626503
0.026626503
0.026626503
0.026626503
0.026626503
0.026626503
0.026626503
0.026626503
0.026626503
0.026626503
0.026626503
0.026626503
0.026626503
0.5796828
1.8769181
2.6096075
2.6231742
1.5371643
0.54751015
0.09228802
0.026626503
0.026626503
0.026626503
0.026626503
0.026626503
0.026626503
0.026626503
0.026626503
0.026626503
0.026626503
0.026626503
0.026626503
0.026626503
0.026626503
0.026626503
0.026626503
0.026626503
0.026626503
0.026626503
0.026626503
0.026626503
0.6726369
1.7853892
2.3500373
1.6533599
0.58532894
0.101982854
0.027542
0.026626503
0.026626503
0.026626503
0.026626503
0.026626503
0.026626503
0.026626503
0.026626503
0.026626503
0.026626503
0.026626503
0.026626503
0.026626503
0.026626503
0.026626503
0.026626503
0.026626503
0.026626503
0.026626503
0.026626503
0.026626503
0.21735427
0.5246436
0.5270541
0.0
0.0
0.0
0.0
0.026626503
0.026626503
0.026626503
0.026626503
0.026626503
0.026626503
0.026626503
0.026626503
0.026626503
0.026626503
0.026626503
0.026626503
0.026626503
0.026626503
0.026626503
0.026626503
0.026626503
0.026626503
0.026626503
0.026626503
0.026626503
0.0
0.0
0.0
0.0
0.0
0.005495943
0.026626503
0.026626503
0.026626503
0.026626503
0.026626503
0.026626503
0.026626503
0.026626503
0.026626503
0.026626503
0.026626503
0.026626503
0.026626503
0.07220019
0.07220019
0.07220019
0.07220019
0.07220019
0.07220019
0.07220019
0.07220019
0.07220019
0.07220019
0.07220019
0.07220019
0.07220019
0.07220019
0.07220019
0.07220019
0.07220019
0.07220019
0.07220019
0.07220019
0.07220019
0.07220019
0.07220019
0.07220019
0.07220019
0.07220019
0.07220019
0.07220019
0.07220019
0.07220019
0.07220019
0.07220019
0.07220019
0.07220019
0.07220019
0.07220019
0.07220019
0.07220019
0.07220019
0.07220019
0.07220019
0.07220019
0.07220019
0.07220019
0.07220019
0.07220019
0.07220019
0.07220019
0.07220019
0.07220019
0.07220019
0.07220019
0.07220019
0.07220019
0.07220019
0.07220019
0.07220019
0.07220019
0.07220019
0.07220019
0.07220019
0.07220019
0.07220019
0.07220019
0.07220019
0.07220019
0.07220019
0.07220019
0.07220019
0.07220019
0.07220019
0.07220019
0.07220019
0.07220019
0.07220019
0.07220019
0.07220019
0.07220019
0.07220019
0.07220019
0.07220019
0.07220019
0.07220019
0.07220019
0.07220019
0.07220019
0.07220019
0.07220019
0.07220019
0.07220019
0.07220019
0.07220019
0.07220019
0.07220019
0.07220019
0.07220019
0.07220019
0.07220019
0.07220019
0.07220019
0.07220019
0.07220019
0.07220019
0.07220019
0.07220019
0.07220019
0.07220019
0.07220019
0.07220019
0.07220019
0.07220019
0.07220019
0.07220019
0.07220019
0.07220019
0.07220019
0.07220019
0.07220019
0.07220019
0.07220019
0.07220019
0.07220019
0.07220019
0.07220019
0.07220019
0.07220019
0.07220019
0.07220019
0.07220019
0.07220019
0.07220019
0.07220019
0.07220019
0.07220019
0.07220019
0.07220019
0.07220019
0.07220019
0.07220019
0.07220019
0.07220019
0.07220019
0.07220019
0.07220019
0.07220019
0.07220019
0.07220019
0.07220019
0.07220019
0.07220019
0.07220019
0.07220019
0.07220019
0.07220019
0.07220019
0.07220019
0.07220019
0.07220019
0.07220019
0.07220019
0.07220019
0.07220019
0.07220019
0.07220019
0.07220019
0.07220019
0.07220019
0.07220019
0.07220019
0.07220019
0.07220019
0.07220019
0.07220019
0.20327255
0.3970895
0.48080876
0.5541972
0.38376147
0.29938632
0.14539462
0.106803626
0.07220019
0.07220019
0.07220019
0.07220019
0.07220019
0.07220019
0.07220019
0.07220019
0.07220019
0.07220019
0.07220019
0.07220019
0.07220019
0.07220019
0.07220019
0.07220019
0.07220019
0.07220019
0.07220019
0.07220019
0.36338732
0.39120916
0.52037084
0.5082594
0.589466
0.64575344
0.6691209
0.6753488
0.6568465
0.6568465
0.6568465
0.6568465
0.6568465
0.6568465
0.6131558
0.4169576
0.25802603
0.122182935
0.07220019
0.07220019
0.07220019
0.07220019
0.07220019
0.07220019
0.07220019
0.07220019
0.07220019
0.07220019
0.0
0.0
0.0
0.0
0.0
0.06735882
0.27064332
0.34327933
0.43273443
0.41736332
0.4452383
0.43899676
0.404504
0.4306143
0.43961424
0.38047454
0.23706228
0.17379305
0.07220019
0.07220019
0.07220019
0.07220019
0.07220019
0.07220019
0.07220019
0.07220019
0.07220019
0.07220019
0.0
0.0
0.0
0.0
0.0
0.0
0.0
0.0
0.0
0.0
0.0
0.0
0.0
0.0
0.0
0.056884404
0.08747431
0.08027022
0.07220019
0.07220019
0.07220019
0.07220019
0.07220019
0.07220019
0.07220019
0.07220019
0.07220019
0.07220019
0.004827194
0.0
0.0
0.0
0.0
0.0
0.0
0.0
0.0
0.0
0.0
0.0
0.0
0.0
0.0
0.0
0.0
0.008722678
0.07220019
0.07220019
0.07220019
0.07220019
0.07220019
0.07220019
0.07220019
0.07220019
0.07220019
0.07220019
0.07220019
0.07220019
0.07220019
0.07220019
0.07220019
0.055105545
0.0021354333
0.042121526
0.0
0.0
0.0
0.026139576
0.35025698
0.12697557
0.0
0.0
0.0
0.050519474
0.07220019
0.07220019
0.07220019
0.07220019
0.07220019
0.07220019
0.07220019
0.07220019
0.07220019
0.07220019
0.07220019
0.07220019
0.07220019
0.07220019
0.07220019
0.07220019
0.07220019
0.07220019
0.07220019
0.07220019
0.07220019
0.25902793
0.27405998
0.08037123
0.0
0.019347154
0.037702285
0.070456915
0.07220019
0.07220019
0.07220019
0.07220019
0.07220019
0.07220019
0.07220019
0.07220019
0.07220019
0.07220019
0.07220019
0.07220019
0.07220019
0.07220019
0.07220019
0.07220019
0.07220019
0.07220019
0.07220019
0.07220019
0.1642629
0.37925288
0.14756699
0.0
0.0
0.0
0.036258943
0.07220019
0.07220019
0.07220019
0.07220019
0.07220019
0.07220019
0.07220019
0.07220019
0.07220019
0.07220019
0.07220019
0.07220019
0.07220019
0.07220019
0.07220019
0.07220019
0.07220019
0.07220019
0.07220019
0.07220019
0.07220019
0.2409471
0.1963544
0.0
0.0
0.0
0.0050691664
0.067938864
0.07220019
0.07220019
0.07220019
0.07220019
0.07220019
0.07220019
0.07220019
0.07220019
0.07220019
0.07220019
0.07220019
0.07220019
0.07220019
0.07220019
0.07220019
0.07220019
0.07220019
0.07220019
0.07220019
0.07220019
0.08624365
0.24920213
0.04458742
0.0
0.0
0.0
0.06302482
0.07220019
0.07220019
0.07220019
0.07220019
0.07220019
0.07220019
0.07220019
0.07220019
0.07220019
0.07220019
0.07220019
0.07220019
0.07220019
0.07220019
0.07220019
0.07220019
0.07220019
0.07220019
0.07220019
0.07220019
0.07220019
0.26289245
0.2488546
0.008216962
0.0
0.0
0.016221099
0.07171594
0.07220019
0.07220019
0.07220019
0.07220019
0.07220019
0.07220019
0.07220019
0.07220019
0.07220019
0.07220019
0.07220019
0.07220019
0.07220019
0.07220019
0.07220019
0.07220019
0.07220019
0.07220019
0.07220019
0.07220019
0.18922907
0.40431678
0.1747835
0.0
0.0
0.0
0.066582985
0.07220019
0.07220019
0.07220019
0.07220019
0.07220019
0.07220019
0.07220019
0.07220019
0.07220019
0.07220019
0.07220019
0.07220019
0.07220019
0.07220019
0.07220019
0.07220019
0.07220019
0.07220019
0.07220019
0.07220019
0.10184751
0.37593538
0.24446467
0.011325065
0.0
0.0
0.018426944
0.07220019
0.07220019
0.07220019
0.07220019
0.07220019
0.07220019
0.07220019
0.07220019
0.07220019
0.07220019
0.07220019
0.07220019
0.07220019
0.07220019
0.07220019
0.07220019
0.07220019
0.07220019
0.07220019
0.07220019
0.07688134
0.377762
0.3266199
0.13551211
0.0
0.0
0.0
0.066679835
0.07220019
0.07220019
0.07220019
0.07220019
0.07220019
0.07220019
0.07220019
0.07220019
0.07220019
0.07220019
0.07220019
0.07220019
0.07220019
0.07220019
0.07220019
0.07220019
0.07220019
0.07220019
0.07220019
0.07220019
0.12952274
0.33053526
0.09504144
0.0
0.0
0.0
0.033927932
0.07220019
0.07220019
0.07220019
0.07220019
0.07220019
0.07220019
0.07220019
0.07220019
0.07220019
0.07220019
0.07220019
0.07220019
0.07220019
0.07220019
0.07220019
0.07220019
0.07220019
0.07220019
0.07220019
0.07220019
0.12057212
0.4070962
0.19989583
0.0
0.0
0.0
0.0
0.0688105
0.07220019
0.07220019
0.07220019
0.07220019
0.07220019
0.07220019
0.07220019
0.07220019
0.07220019
0.07220019
0.07220019
0.07220019
0.07220019
0.07220019
0.07220019
0.07220019
0.07220019
0.07220019
0.07220019
0.07220019
0.25935322
0.32144043
0.11842467
0.0
0.0
0.0072965845
0.064108714
0.07220019
0.07220019
0.07220019
0.07220019
0.07220019
0.07220019
0.07220019
0.07220019
0.07220019
0.07220019
0.07220019
0.07220019
0.07220019
0.07220019
0.07220019
0.07220019
0.07220019
0.07220019
0.07220019
0.07220019
0.16738367
0.35751295
0.15111454
0.096686944
0.0
0.09523416
0.07785182
0.07210334
0.07220019
0.07220019
0.07220019
0.07220019
0.07220019
0.07220019
0.07220019
0.07220019
0.07220019
0.07220019
0.07220019
0.07220019
0.07220019
0.07220019
0.07220019
0.07220019
0.07220019
0.07220019
0.07220019
0.07220019
0.22090775
0.19053496
0.056181982
0.0
0.0
0.07112532
0.07263626
0.07220019
0.07220019
0.07220019
0.07220019
0.07220019
0.07220019
0.07220019
0.07220019
0.07220019
0.07220019
0.07220019
0.07220019
0.07220019
0.07220019
0.07220019
0.07220019
0.07220019
0.07220019
0.07220019
0.07220019
0.07220019
0.120126486
0.023032796
0.0
0.0
0.0
0.0
0.04179786
0.07220019
0.07220019
0.07220019
0.07220019
0.07220019
0.07220019
0.07220019
0.07220019
0.07220019
0.07220019
0.07220019
0.07220019
0.07220019
0.07220019
0.07220019
0.07220019
0.07220019
0.07220019
0.07220019
0.07220019
0.07220019
0.0
0.0
0.0
0.0
0.0
0.03087604
0.06832626
0.07220019
0.07220019
0.07220019
0.07220019
0.07220019
0.07220019
0.07220019
0.07220019
0.07220019
0.07220019
0.07220019
0.07220019
0.07220019
0.07220019
0.07220019
0.07220019
0.07220019
0.07220019
0.07220019
0.07220019
0.07220019
0.0
0.0
0.0
0.0
0.048237786
0.070456915
0.07220019
0.07220019
0.07220019
0.07220019
0.07220019
0.07220019
0.07220019
0.07220019
0.07220019
0.07220019
0.07220019
0.07220019
0.07220019
0.0
0.0
0.0
0.0
0.0
0.0
0.0
0.0
0.0
0.0
0.0
0.0
0.0
0.0
0.0
0.0
0.0
0.0
0.0
0.0
0.0
0.0
0.0
0.0
0.0
0.0
0.0
0.0
0.0
0.0
0.0
0.0
0.0
0.0
0.0
0.0
0.0
0.0
0.0
0.0
0.0
0.0
0.0
0.0
0.0
0.0
0.0
0.0
0.0
0.0
0.0
0.0
0.0
0.0
0.0
0.0
0.0
0.0
0.0
0.0
0.0
0.0
0.0
0.0
0.0
0.0
0.0
0.0
0.0
0.0
0.0
0.0
0.0
0.0
0.0
0.0
0.0
0.0
0.0
0.0
0.0
0.0
0.0
0.0
0.0
0.0
0.0
0.0
0.0
0.0
0.0
0.0
0.0
0.0
0.0
0.0
0.0
0.0
0.0
0.0
0.0
0.0
0.0
0.0
0.0
0.0
0.0
0.0
0.0
0.0
0.0
0.0
0.0
0.0
0.0
0.0
0.0
0.0
0.0
0.0
0.0
0.0
0.0
0.0
0.0
0.0
0.0
0.0
0.0
0.0
0.0
0.0
0.0
0.0
0.0
0.0
0.0
0.0
0.0
0.0
0.0
0.0
0.0
0.0
0.0
0.0
0.0
0.0
0.0
0.0
0.0
0.0
0.0
0.0
0.0
0.0
0.0
0.0
0.0
0.0
0.0
0.0
0.0
0.0
0.0
0.0
0.0
0.0
0.0
0.0
0.0
0.0
0.0
0.25799584
0.881112
1.3515826
1.4668447
1.0863343
0.66679555
0.2554579
0.07177223
0.0
0.0
0.0
0.0
0.0
0.0
0.0
0.0
0.0
0.0
0.0
0.0
0.0
0.0
0.0
0.0
0.0
0.0
0.0
0.0
0.8262217
2.1038527
3.1239452
3.2952857
3.0902958
2.7454145
2.2770722
1.950685
1.7865481
1.7865481
1.7865481
1.7865481
1.7865481
1.7865481
1.6967297
1.2184997
0.5667542
0.108764164
0.0
0.0
0.0
0.0
0.0
0.0
0.0
0.0
0.0
0.0
0.70494133
2.056389
2.90189
3.140887
3.1236935
3.4211795
3.529712
3.4664402
3.3940315
3.430254
3.497302
3.4844708
3.4028628
3.3990278
3.3976521
2.8355725
1.5244906
0.40570572
0.0
0.0
0.0
0.0
0.0
0.0
0.0
0.0
0.0
0.0
0.537094
1.1045791
1.6199809
1.692546
1.8070105
2.1426404
2.5654078
2.6943603
2.7472925
2.844271
3.018943
2.987302
2.7944124
3.3020809
4.0127654
3.7043252
2.080009
0.5536019
0.0
0.0
0.0
0.0
0.0
0.0
0.0
0.0
0.0
0.0
0.12387231
0.29316476
0.34848985
0.44844243
0.5388659
0.8030914
1.1135008
1.2579806
1.3426129
1.3905319
1.5239043
1.5038679
1.6442274
2.7084038
3.9208589
3.5624428
1.7760876
0.40460083
0.0
0.0
0.0
0.0
0.0
0.0
0.0
0.0
0.0
0.0
0.0
0.0
0.0
0.0
0.0
0.022878326
0.14071941
0.11239491
0.22609478
0.21661814
0.2862288
0.3406414
1.1342514
2.8734405
3.668887
2.7422783
1.0574538
0.16012214
0.0
0.0
0.0
0.0
0.0
0.0
0.0
0.0
0.0
0.0
0.0
0.0
0.0
0.0
0.0
0.0
0.0
0.0
0.0
0.0
0.0
0.4352289
1.839744
3.626182
3.6281064
1.9852164
0.5339652
0.012181721
0.0
0.0
0.0
0.0
0.0
0.0
0.0
0.0
0.0
0.0
0.0
0.0
0.0
0.0
0.0
0.0
0.0
0.0
0.0
0.0
0.17780074
1.2346301
3.05966
3.7637806
2.7371578
1.1090903
0.1766567
0.0
0.0
0.0
0.0
0.0
0.0
0.0
0.0
0.0
0.0
0.0
0.0
0.0
0.0
0.0
0.0
0.0
0.0
0.0
0.0
0.0
0.50336146
2.0736551
3.6343987
3.43609
1.7542732
0.47298768
0.046330336
0.0
0.0
0.0
0.0
0.0
0.0
0.0
0.0
0.0
0.0
0.0
0.0
0.0
0.0
0.0
0.0
0.0
0.0
0.0
0.0
0.017410599
0.9961484
2.8526263
3.6231537
2.4864883
0.8751375
0.07896071
0.0
0.0
0.0
0.0
0.0
0.0
0.0
0.0
0.0
0.0
0.0
0.0
0.0
0.0
0.0
0.0
0.0
0.0
0.0
0.0
0.0
0.40617526
1.8520727
3.3854628
3.202727
1.5676272
0.34396955
0.0
0.0
0.0
0.0
0.0
0.0
0.0
0.0
0.0
0.0
0.0
0.0
0.0
0.0
0.0
0.0
0.0
0.0
0.0
0.0
0.0
0.2291256
1.2672801
2.9795423
3.5511296
2.3705328
0.8376196
0.06471805
0.0
0.0
0.0
0.0
0.0
0.0
0.0
0.0
0.0
0.0
0.0
0.0
0.0
0.0
0.0
0.0
0.0
0.0
0.0
0.0
0.04948863
0.8772222
2.4723554
3.78056
3.185426
1.4978249
0.3300556
0.0
0.0
0.0
0.0
0.0
0.0
0.0
0.0
0.0
0.0
0.0
0.0
0.0
0.0
0.0
0.0
0.0
0.0
0.0
0.0
0.0
0.67880553
2.0677648
3.6831625
3.6811671
2.2486854
0.7463738
0.06340464
0.0
0.0
0.0
0.0
0.0
0.0
0.0
0.0
0.0
0.0
0.0
0.0
0.0
0.0
0.0
0.0
0.0
0.0
0.0
0.0
0.11492078
1.2887684
3.2124152
3.9088192
2.8750923
1.1753992
0.26948935
0.0
0.0
0.0
0.0
0.0
0.0
0.0
0.0
0.0
0.0
0.0
0.0
0.0
0.0
0.0
0.0
0.0
0.0
0.0
0.0
0.08798226
0.8803364
2.5712883
3.6760387
3.2570863
1.5759909
0.4557636
0.034509663
0.0
0.0
0.0
0.0
0.0
0.0
0.0
0.0
0.0
0.0
0.0
0.0
0.0
0.0
0.0
0.0
0.0
0.0
0.0
0.0
0.4615118
1.7746567
3.6285038
3.772515
2.309763
0.7373532
0.091470614
0.0
0.0
0.0
0.0
0.0
0.0
0.0
0.0
0.0
0.0
0.0
0.0
0.0
0.0
0.0
0.0
0.0
0.0
0.0
0.0
0.18421635
1.243455
3.0422838
4.3944125
3.6958182
1.8253891
0.35440183
0.0
0.0
0.0
0.0
0.0
0.0
0.0
0.0
0.0
0.0
0.0
0.0
0.0
0.0
0.0
0.0
0.0
0.0
0.0
0.0
0.0
0.4678571
2.0340984
3.8101563
4.673106
3.4448378
1.6297979
0.24280335
0.0
0.0
0.0
0.0
0.0
0.0
0.0
0.0
0.0
0.0
0.0
0.0
0.0
0.0
0.0
0.0
0.0
0.0
0.0
0.0
0.0
0.6807476
2.5066648
4.0016994
3.9733918
2.376876
0.92636865
0.12874982
0.0
0.0
0.0
0.0
0.0
0.0
0.0
0.0
0.0
0.0
0.0
0.0
0.0
0.0
0.0
0.0
0.0
0.0
0.0
0.0
0.0
0.4137963
1.3518238
2.1753013
2.1052792
1.0681674
0.35293022
0.041076705
0.0
0.0
0.0
0.0
0.0
0.0
0.0
0.0
0.0
0.0
0.0
0.0
0.0
0.0
0.0
0.0
0.0
0.0
0.0
0.0
0.0
0.2329458
0.63587826
0.8474727
0.5882371
0.2803927
0.012181721
0.0
0.0
0.0
0.0
0.0
0.0
0.0
0.0
0.0
0.0
0.0
0.0
0.0
7.414019e-08
7.414019e-08
7.414019e-08
7.414019e-08
7.414019e-08
7.414019e-08
7.414019e-08
7.414019e-08
7.414019e-08
7.414019e-08
7.414019e-08
7.414019e-08
7.414019e-08
7.414019e-08
7.414019e-08
7.414019e-08
7.414019e-08
7.414019e-08
7.414019e-08
7.414019e-08
7.414019e-08
7.414019e-08
7.414019e-08
7.414019e-08
7.414019e-08
7.414019e-08
7.414019e-08
7.414019e-08
7.414019e-08
7.414019e-08
7.414019e-08
7.414019e-08
7.414019e-08
7.414019e-08
7.414019e-08
7.414019e-08
7.414019e-08
7.414019e-08
7.414019e-08
7.414019e-08
7.414019e-08
7.414019e-08
7.414019e-08
7.414019e-08
7.414019e-08
7.414019e-08
7.414019e-08
7.414019e-08
7.414019e-08
7.414019e-08
7.414019e-08
7.414019e-08
7.414019e-08
7.414019e-08
7.414019e-08
7.414019e-08
7.414019e-08
7.414019e-08
7.414019e-08
7.414019e-08
7.414019e-08
7.414019e-08
7.414019e-08
7.414019e-08
7.414019e-08
7.414019e-08
7.414019e-08
7.414019e-08
7.414019e-08
7.414019e-08
7.414019e-08
7.414019e-08
7.414019e-08
7.414019e-08
7.414019e-08
7.414019e-08
7.414019e-08
7.414019e-08
7.414019e-08
7.414019e-08
7.414019e-08
7.414019e-08
7.414019e-08
7.414019e-08
7.414019e-08
7.414019e-08
7.414019e-08
7.414019e-08
7.414019e-08
7.414019e-08
7.414019e-08
7.414019e-08
7.414019e-08
7.414019e-08
7.414019e-08
7.414019e-08
7.414019e-08
7.414019e-08
7.414019e-08
7.414019e-08
7.414019e-08
7.414019e-08
7.414019e-08
7.414019e-08
7.414019e-08
7.414019e-08
7.414019e-08
7.414019e-08
7.414019e-08
7.414019e-08
7.414019e-08
7.414019e-08
7.414019e-08
7.414019e-08
7.414019e-08
7.414019e-08
7.414019e-08
7.414019e-08
7.414019e-08
7.414019e-08
7.414019e-08
7.414019e-08
7.414019e-08
7.414019e-08
7.414019e-08
7.414019e-08
7.414019e-08
7.414019e-08
7.414019e-08
7.414019e-08
7.414019e-08
7.414019e-08
7.414019e-08
7.414019e-08
7.414019e-08
7.414019e-08
7.414019e-08
7.414019e-08
7.414019e-08
7.414019e-08
7.414019e-08
7.414019e-08
7.414019e-08
7.414019e-08
7.414019e-08
7.414019e-08
7.414019e-08
7.414019e-08
7.414019e-08
7.414019e-08
7.414019e-08
7.414019e-08
7.414019e-08
7.414019e-08
7.414019e-08
7.414019e-08
7.414019e-08
7.414019e-08
7.414019e-08
7.414019e-08
7.414019e-08
7.414019e-08
7.414019e-08
7.414019e-08
7.414019e-08
7.414019e-08
7.414019e-08
7.414019e-08
7.414019e-08
7.414019e-08
7.414019e-08
7.414019e-08
7.414019e-08
0.016392158
0.22569491
0.48064923
0.45895848
0.4132191
0.2000892
0.104157716
0.0137421135
7.414019e-08
7.414019e-08
7.414019e-08
7.414019e-08
7.414019e-08
7.414019e-08
7.414019e-08
7.414019e-08
7.414019e-08
7.414019e-08
7.414019e-08
7.414019e-08
7.414019e-08
7.414019e-08
7.414019e-08
7.414019e-08
7.414019e-08
7.414019e-08
7.414019e-08
7.414019e-08
0.17214859
1.046641
1.6472299
1.8559157
1.625487
1.3344326
0.9335632
0.67535454
0.56111807
0.56111807
0.56111807
0.56111807
0.56111807
0.56111807
0.55565405
0.46942934
0.18226027
0.019849686
7.414019e-08
7.414019e-08
7.414019e-08
7.414019e-08
7.414019e-08
7.414019e-08
7.414019e-08
7.414019e-08
7.414019e-08
7.414019e-08
0.28578815
1.1517483
2.2810738
2.356926
2.4745517
2.413033
2.3657584
2.2004945
1.9964265
2.050811
2.061881
2.0611005
2.0479743
2.0039277
2.0093958
1.7449615
1.0062978
0.1947403
7.414019e-08
7.414019e-08
7.414019e-08
7.414019e-08
7.414019e-08
7.414019e-08
7.414019e-08
7.414019e-08
7.414019e-08
7.414019e-08
0.0
0.60686904
1.1433944
1.2629222
1.3300856
1.6799997
2.0715287
2.271933
2.183095
2.277356
2.3763885
2.3686926
2.3009055
2.228441
2.7314181
2.7545364
1.6679226
0.47538993
7.414019e-08
7.414019e-08
7.414019e-08
7.414019e-08
7.414019e-08
7.414019e-08
7.414019e-08
7.414019e-08
7.414019e-08
7.414019e-08
0.0
0.04916603
0.25227013
0.17919335
0.18410803
0.30578896
0.5882855
0.8259078
0.8527531
0.8760779
1.0504923
1.0414497
0.9876646
1.351549
2.2566788
2.7058752
1.6396033
0.4416529
7.414019e-08
7.414019e-08
7.414019e-08
7.414019e-08
7.414019e-08
7.414019e-08
7.414019e-08
7.414019e-08
7.414019e-08
7.414019e-08
7.414019e-08
7.414019e-08
7.414019e-08
7.414019e-08
7.414019e-08
0.0
0.0
0.14554211
0.044625886
0.10175248
0.15730758
0.16805376
0.39997894
1.0975349
2.180342
2.2248044
1.1345973
0.16002144
7.414019e-08
7.414019e-08
7.414019e-08
7.414019e-08
7.414019e-08
7.414019e-08
7.414019e-08
7.414019e-08
7.414019e-08
7.414019e-08
7.414019e-08
7.414019e-08
7.414019e-08
7.414019e-08
7.414019e-08
7.414019e-08
7.414019e-08
7.414019e-08
7.414019e-08
7.414019e-08
7.414019e-08
0.058913924
0.6867153
1.6794147
2.4988792
1.7837163
0.4993198
0.018867843
7.414019e-08
7.414019e-08
7.414019e-08
7.414019e-08
7.414019e-08
7.414019e-08
7.414019e-08
7.414019e-08
7.414019e-08
7.414019e-08
7.414019e-08
7.414019e-08
7.414019e-08
7.414019e-08
7.414019e-08
7.414019e-08
7.414019e-08
7.414019e-08
7.414019e-08
7.414019e-08
0.011513561
0.36185253
1.2080414
2.3460155
2.3104181
1.223692
0.20656212
7.414019e-08
7.414019e-08
7.414019e-08
7.414019e-08
7.414019e-08
7.414019e-08
7.414019e-08
7.414019e-08
7.414019e-08
7.414019e-08
7.414019e-08
7.414019e-08
7.414019e-08
7.414019e-08
7.414019e-08
7.414019e-08
7.414019e-08
7.414019e-08
7.414019e-08
7.414019e-08
7.414019e-08
0.116439536
0.77668196
1.9065126
2.4118328
1.6615937
0.5125312
0.046121284
7.414019e-08
7.414019e-08
7.414019e-08
7.414019e-08
7.414019e-08
7.414019e-08
7.414019e-08
7.414019e-08
7.414019e-08
7.414019e-08
7.414019e-08
7.414019e-08
7.414019e-08
7.414019e-08
7.414019e-08
7.414019e-08
7.414019e-08
7.414019e-08
7.414019e-08
7.414019e-08
0.0017563688
0.21670248
1.1636089
2.3208406
2.1420064
0.93974394
0.07857549
7.414019e-08
7.414019e-08
7.414019e-08
7.414019e-08
7.414019e-08
7.414019e-08
7.414019e-08
7.414019e-08
7.414019e-08
7.414019e-08
7.414019e-08
7.414019e-08
7.414019e-08
7.414019e-08
7.414019e-08
7.414019e-08
7.414019e-08
7.414019e-08
7.414019e-08
7.414019e-08
7.414019e-08
0.038391046
0.56381744
1.6550287
2.3040445
1.5460249
0.36414933
0.0052411207
7.414019e-08
7.414019e-08
7.414019e-08
7.414019e-08
7.414019e-08
7.414019e-08
7.414019e-08
7.414019e-08
7.414019e-08
7.414019e-08
7.414019e-08
7.414019e-08
7.414019e-08
7.414019e-08
7.414019e-08
7.414019e-08
7.414019e-08
7.414019e-08
7.414019e-08
7.414019e-08
0.014635863
0.40424103
1.2035533
2.1532116
2.060859
0.8984255
0.060796212
7.414019e-08
7.414019e-08
7.414019e-08
7.414019e-08
7.414019e-08
7.414019e-08
7.414019e-08
7.414019e-08
7.414019e-08
7.414019e-08
7.414019e-08
7.414019e-08
7.414019e-08
7.414019e-08
7.414019e-08
7.414019e-08
7.414019e-08
7.414019e-08
7.414019e-08
7.414019e-08
0.003707807
0.20103477
1.028478
1.9567473
2.3678715
1.5091536
0.34565955
7.414019e-08
7.414019e-08
7.414019e-08
7.414019e-08
7.414019e-08
7.414019e-08
7.414019e-08
7.414019e-08
7.414019e-08
7.414019e-08
7.414019e-08
7.414019e-08
7.414019e-08
7.414019e-08
7.414019e-08
7.414019e-08
7.414019e-08
7.414019e-08
7.414019e-08
7.414019e-08
0.0005855057
0.07552481
0.8353509
1.6487061
2.5087934
1.9949269
0.83605903
0.059748005
7.414019e-08
7.414019e-08
7.414019e-08
7.414019e-08
7.414019e-08
7.414019e-08
7.414019e-08
7.414019e-08
7.414019e-08
7.414019e-08
7.414019e-08
7.414019e-08
7.414019e-08
7.414019e-08
7.414019e-08
7.414019e-08
7.414019e-08
7.414019e-08
7.414019e-08
7.414019e-08
0.012016489
0.4389214
1.4098327
2.4951777
2.2008202
1.328819
0.26910788
7.414019e-08
7.414019e-08
7.414019e-08
7.414019e-08
7.414019e-08
7.414019e-08
7.414019e-08
7.414019e-08
7.414019e-08
7.414019e-08
7.414019e-08
7.414019e-08
7.414019e-08
7.414019e-08
7.414019e-08
7.414019e-08
7.414019e-08
7.414019e-08
7.414019e-08
7.414019e-08
0.006049533
0.16954002
0.8951343
2.0417821
2.3780284
1.6302288
0.512891
0.0366874
7.414019e-08
7.414019e-08
7.414019e-08
7.414019e-08
7.414019e-08
7.414019e-08
7.414019e-08
7.414019e-08
7.414019e-08
7.414019e-08
7.414019e-08
7.414019e-08
7.414019e-08
7.414019e-08
7.414019e-08
7.414019e-08
7.414019e-08
7.414019e-08
7.414019e-08
7.414019e-08
0.07349735
0.74098337
1.5886518
2.477286
1.9358059
0.7632945
0.08342948
7.414019e-08
7.414019e-08
7.414019e-08
7.414019e-08
7.414019e-08
7.414019e-08
7.414019e-08
7.414019e-08
7.414019e-08
7.414019e-08
7.414019e-08
7.414019e-08
7.414019e-08
7.414019e-08
7.414019e-08
7.414019e-08
7.414019e-08
7.414019e-08
7.414019e-08
7.414019e-08
0.0119038485
0.36387563
1.2293303
2.4075024
2.769273
1.5435905
0.283799
0.0010482835
7.414019e-08
7.414019e-08
7.414019e-08
7.414019e-08
7.414019e-08
7.414019e-08
7.414019e-08
7.414019e-08
7.414019e-08
7.414019e-08
7.414019e-08
7.414019e-08
7.414019e-08
7.414019e-08
7.414019e-08
7.414019e-08
7.414019e-08
7.414019e-08
7.414019e-08
7.414019e-08
0.1171651
0.7406894
1.9111762
2.8715434
2.770198
1.3712558
0.21107484
7.414019e-08
7.414019e-08
7.414019e-08
7.414019e-08
7.414019e-08
7.414019e-08
7.414019e-08
7.414019e-08
7.414019e-08
7.414019e-08
7.414019e-08
7.414019e-08
7.414019e-08
7.414019e-08
7.414019e-08
7.414019e-08
7.414019e-08
7.414019e-08
7.414019e-08
7.414019e-08
7.414019e-08
0.15997976
0.95128417
2.3888943
2.8194222
2.1839273
1.0788158
0.16319849
7.414019e-08
7.414019e-08
7.414019e-08
7.414019e-08
7.414019e-08
7.414019e-08
7.414019e-08
7.414019e-08
7.414019e-08
7.414019e-08
7.414019e-08
7.414019e-08
7.414019e-08
7.414019e-08
7.414019e-08
7.414019e-08
7.414019e-08
7.414019e-08
7.414019e-08
7.414019e-08
7.414019e-08
0.08796967
0.7453111
1.7451037
1.8655105
1.3032255
0.36272073
0.041928448
7.414019e-08
7.414019e-08
7.414019e-08
7.414019e-08
7.414019e-08
7.414019e-08
7.414019e-08
7.414019e-08
7.414019e-08
7.414019e-08
7.414019e-08
7.414019e-08
7.414019e-08
7.414019e-08
7.414019e-08
7.414019e-08
7.414019e-08
7.414019e-08
7.414019e-08
7.414019e-08
7.414019e-08
0.0
0.049977854
0.49485946
0.68772835
0.25489265
0.018867843
7.414019e-08
7.414019e-08
7.414019e-08
7.414019e-08
7.414019e-08
7.414019e-08
7.414019e-08
7.414019e-08
7.414019e-08
7.414019e-08
7.414019e-08
7.414019e-08
7.414019e-08
