1.8248526
9.256157
0.0
0.0
8.24693
0.0
0.0
4.5670576
0.0
6.1425614
0.0
0.0
0.0
0.0
4.3286524
4.7726994
3.6946743
0.0
0.0
3.7459517
0.0
2.6513493
3.2376068
6.894055
2.5758064
0.6845865
0.0
0.0
0.0
0.0
3.999512
0.0
0.0
1.801203
0.3040578
0.0
0.0
0.0
0.0
0.0
0.0
0.0
4.4131694
0.0
2.283993
5.9172764
5.8519125
0.0
8.371727
0.0
13.229388
0.0
0.0
4.780164
9.2048235
4.655987
0.0
7.638877
0.0
8.196186
3.9571478
5.4599113
3.884567
11.048481
0.0
2.3491695
0.0
0.0
0.0
0.0
0.0
1.3711783
0.482368
2.0612922
0.0
1.8946227
5.348207
0.0
2.388183
5.122772
0.0
0.0
2.4271696
0.0
0.0
0.0
5.3780155
0.0
0.0
2.338817
0.63741094
0.0
0.7468647
0.0
0.0
0.0
0.0
9.352395
6.623111
2.6115587
5.19446
2.09161
2.8268318
0.0
0.0
8.285111
0.0
5.9990396
0.0
0.0
0.0
4.2176003
9.235871
0.0
0.0
3.379753
5.088964
0.0
0.0
0.0
