0.5294688
0.0
0.0
0.0
0.0
0.0
0.0
0.0
0.0
0.0
6.762183
8.764942
7.657144
4.2776976
1.9467579
0.35829684
0.0
0.0
0.0
0.0
2.547996
7.2194233
11.58201
13.176381
12.162138
11.081577
10.257623
7.3444877
2.489026
0.0
0.0
0.0
0.0
0.0
2.4380598
4.306271
4.72022
5.1171246
3.6744547
2.46797
0.0
0.0
0.0
0.0
0.0
0.0
0.0
0.0
0.0
0.9258707
0.0
0.0
0.0
0.0
0.0
0.0
0.0
0.0
0.0
0.91230524
0.0
0.0
0.017726231
0.54662377
0.0
0.0
0.0
0.0
0.03378308
0.8977305
0.0
0.0
0.5311732
0.2220118
0.0
0.0
0.0
0.0
0.6207313
0.5477279
0.0
0.7206586
0.7879744
0.0
0.0
0.0
0.0
0.660744
1.0074183
0.15131117
0.38536516
2.0968688
3.3444474
1.5310383
0.0
0.0
0.0
0.29267016
0.4417404
0.0043280907
3.2807117
4.6774282
6.1797523
7.203948
7.474525
7.6002755
7.6596465
6.845849
4.9691277
3.1291292
0.0
0.0
0.0
0.0
0.0
1.162112
2.648379
2.8152382
2.7800481
1.9363246
0.0
0.0
0.0
0.0
0.0
0.0
0.0
0.0
0.48661852
0.0
0.0
0.0
0.0
0.0
0.0
0.0
0.0
0.0
1.16586
0.0
0.0
0.0
0.0
0.0
0.5932591
0.0
0.0
0.48580778
0.5158501
0.0
0.0
0.0
0.0
2.065251
2.2338908
0.0
0.0
2.7278728
0.0
0.0
0.011095729
0.047484078
1.5377486
3.1993713
1.0425411
0.0
2.1495712
2.054768
0.0
0.0
0.012224162
0.7147653
3.0603056
2.4934924
0.0
0.17325547
2.496174
0.0
0.0
0.0
0.12662873
1.7466342
2.8404794
0.16302884
0.0
3.1549296
1.3134938
0.0
0.0
0.0
0.28556913
1.288956
0.0
0.0
0.0
1.6252562
0.0
0.0
0.0
0.0
1.1007606
1.1612152
0.0
0.0
0.0
0.0
0.0
0.0
0.0
0.0
3.7363753
2.0616276
0.0
0.0
0.0
0.0
0.0
0.0
0.0
0.0
2.624695
0.8807102
0.0024498834
0.79772586
0.31878415
0.59372807
1.5354713
0.0
0.0
0.0
2.6622725
1.3779601
0.032065153
0.0
0.0
2.72664
4.1538515
0.0
0.0
0.0
2.2999876
1.9282719
1.2544312
0.48825723
2.5788012
6.4914856
3.6738625
0.0
0.0
0.0
0.37432414
0.6227386
0.57205987
0.95697874
5.1225443
7.0748134
0.0
0.0
0.0
0.0
0.0
0.0
0.0
2.6404388
7.246466
4.328422
0.0
0.0
0.0
0.0
0.0
0.0
1.0608423
5.805697
6.627558
0.0
0.0
0.0
0.0
0.0
0.0
0.0
3.9162652
7.5782175
2.1320963
0.0
0.0
0.0
0.0
0.0
0.0
1.8845639
6.6318254
6.5524645
0.0
0.0
0.0
0.0
0.0
0.0
0.0
0.0
0.0
1.3516213
1.2439437
0.46007353
0.0
0.4308173
1.6329843
2.1410463
0.0
0.0
0.0
1.3039421
1.8866082
1.4446974
0.6885944
1.5069032
4.012573
5.4904447
0.0
0.0
0.0
0.0
0.0
0.0
0.0
0.0
3.7419014
7.5307426
0.0
0.0
0.0
0.0
0.0
0.0
0.0
0.0
4.6000204
8.660931
0.0
0.0
0.0
0.0
0.0
0.0
0.0
0.0
5.862384
8.745816
0.0
0.0
0.0
0.0
0.0
0.0
0.0
0.39859933
6.712234
6.8042946
0.0
0.0
0.0
0.0
0.0
0.0
0.0
3.4999754
7.6292944
4.4874086
0.0
0.0
0.0
0.0
0.0
0.0
1.3150065
6.6536674
6.2136126
1.8757048
0.0
0.0
0.0
0.0
0.0
0.0
5.2148237
7.2378697
3.8442054
0.43289262
0.0
0.0
0.0
0.0
0.0
3.077952
8.570443
6.143282
1.4737915
0.022048205
0.0
0.13932186
0.15195866
0.7992102
0.6107634
0.6840641
0.0
0.0
0.0
0.0
0.0
0.0
0.0
0.0
0.0
0.0
0.0
0.0
0.0
0.0
0.0
0.0
0.0
0.0
0.0
0.0
0.0
0.0
0.0
0.0
0.2865729
0.50388217
0.7892851
1.6821322
2.615241
0.0
0.0
0.89535064
0.953479
0.29704535
0.7766626
1.1427134
1.7763714
3.994808
2.1910372
0.0
0.53709495
2.7145202
1.6697385
1.2257944
0.120963275
0.27839825
1.4964771
1.578914
0.0
0.0
1.2976382
1.7209411
1.0305448
0.8030413
0.0017883969
0.4155659
1.7620437
0.0
0.0
0.0
1.7629482
0.96678907
1.1314116
0.76114845
0.08259918
1.6285057
0.31574953
0.0
0.0
1.0551788
1.2276012
0.88723505
0.6650014
0.85280085
0.4239665
1.6960675
0.0
0.0
0.0
1.7367336
0.8028335
0.8845419
0.71054715
0.46331048
0.30966362
0.0
0.0
0.0
1.4372042
1.2794524
1.0684745
0.85324156
0.8426097
0.09352922
4.459398
5.936395
6.5491476
6.4800286
5.825951
5.2477736
4.502083
2.8677764
1.9972076
1.1372266
1.6752802
3.2886312
5.1282625
6.4462895
7.099981
8.112283
8.144549
6.390625
4.570986
2.754753
0.0
0.0
0.0
0.0
0.0
0.0
0.0
0.99412924
1.3189476
0.9202691
0.0
0.0
0.0
0.0
0.0
0.0
0.0
0.0
0.0
0.0
0.0
0.0
0.0
0.0
0.0
0.0
0.0
0.0
0.0
0.0
0.0
0.0
0.1935052
1.4338474
1.2355349
0.0
0.0
0.0
0.0
0.0
0.0
0.122077405
1.8382206
2.658806
2.0578392
0.5230256
0.0
0.0
0.0
0.0
0.0
1.132541
2.3826444
2.2948716
0.9159033
0.0
0.0
0.0
0.0
0.0
0.20098193
2.2612205
2.878574
1.5448079
0.10493442
0.0
0.0
0.0
0.0
0.0
0.38093823
1.5480568
2.042755
0.74625695
0.0
0.0
0.0
0.0
0.0
0.0
0.8775469
2.3397691
4.422176
3.7915978
2.840861
1.8789455
1.7770873
1.899963
1.6545429
0.79587615
0.81527096
1.0400503
3.4022462
5.929295
7.3440905
7.1525702
6.5232873
6.1007967
6.2319016
4.5066695
0.0
0.0
0.0
0.0
0.0
0.0
0.0
0.9995282
2.7113252
3.5742297
0.9073236
1.1190209
0.085048884
0.0
0.0
0.0
0.0
1.3589427
0.8624492
0.9626166
0.92692596
1.3191882
1.2278956
1.256786
1.8969444
1.4789442
1.347058
2.0259118
1.7190399
0.7156321
0.12690459
0.12583265
0.0
0.1294503
0.0
0.12409945
1.0018214
1.0374738
0.50690025
0.3639927
0.113193184
0.08384278
0.10317158
0.57082534
0.6431413
2.0262163
2.679312
1.8666863
0.73408735
0.3353046
0.1078307
0.0
0.47019947
0.52433777
0.8674562
1.9714434
2.1077652
0.9032006
0.5027708
0.058304127
0.07703072
0.2794144
0.56753266
0.48659936
2.0181923
2.2770555
1.1003428
0.47083265
0.24403828
0.011181261
0.18022117
0.5871621
0.33339548
0.5045131
3.029521
3.9071167
1.9633572
0.26017746
0.0069319773
0.08315541
0.0
0.0
0.0
0.0
0.0
0.0
0.0
0.0
0.0
0.0
0.0
0.0
0.0
0.0
0.0
0.0
0.0
0.0
0.0
0.0
4.597737
6.1689787
6.786717
7.777172
8.645969
6.817856
1.8925534
0.16213731
0.8114624
0.49266812
1.7392137
1.8322244
2.5098245
5.0543838
5.645854
2.4013836
0.0
0.5372593
1.0038267
1.7659862
0.0
0.0
0.0
0.0
0.0
0.0
0.0
0.0
0.0
0.60122496
0.0
0.0
0.0
0.0
0.0
0.0
0.0
0.0
0.0
1.1395242
0.07333597
0.36526257
0.36535883
0.0
0.0
0.0
0.0
0.0
0.0
1.1733575
0.13230674
0.8244204
0.0
0.0
0.0
0.0
0.0
0.0
1.0148729
0.68125325
0.28956935
0.0
0.0
0.0
0.0
0.0
0.0
0.8381004
1.2476436
0.19901893
0.0
0.0
0.0
0.0
0.0
0.0
0.0
0.45570356
0.50097
0.07589981
0.0
0.66663635
1.9333537
1.437375
0.6714527
0.0
0.0
0.0885774
0.14091605
0.14519958
3.5131152
6.3757496
7.7208505
7.8167095
7.6379924
6.827762
6.7349906
6.525162
5.2721252
3.0394123
5.2394977
5.0657005
4.4111323
6.1539826
7.208319
7.8419194
7.6276994
7.461236
5.5781984
2.7881036
0.0
0.0
0.0
0.0
0.0
0.0
2.0234237
2.8887763
1.3900204
0.0066357516
0.0
0.0
0.0
0.0
0.0
0.0
2.5059986
1.2575786
0.0
0.0
0.0
0.0
0.0
0.0
0.8906348
4.0357127
2.2789342
0.0
0.0
0.0
0.10526711
0.0
0.0
0.44413587
3.9409583
4.6179924
0.88532954
0.0
0.0
0.0
0.08205329
0.0
0.0
3.0746183
5.888393
3.0464551
0.0
0.0
0.0
0.0
0.0
0.0
1.8560175
5.5344105
5.145153
0.31326544
0.0
0.0
0.0
0.0
0.0
0.7161538
4.759518
6.3501606
2.8173952
0.0
0.0
0.0
0.0
0.047264423
0.0
1.2244419
1.5540457
1.1531718
0.5898139
0.48713487
0.7589826
1.6499258
1.5840381
0.30020303
0.0
2.0365522
3.474648
2.731012
2.0474577
1.5259167
1.8059332
3.481627
3.695685
0.63991696
0.0
0.0
2.3136168
3.1898892
2.7841697
1.7973717
2.457168
5.0705485
6.5343184
2.3530538
0.0
0.0
0.0
0.0
0.0
0.0
0.29520574
4.0360703
6.7921543
4.194888
0.0
0.0
0.0
0.0
0.0
0.0
0.0
0.5621731
2.6249983
2.0362725
0.0
0.0
0.0
0.0
0.0
0.0
0.0
1.2021009
1.4205585
0.23075461
0.018004263
0.0
0.0
0.0
0.0
0.0
0.101204775
1.0877497
0.90233016
0.37792894
0.020078355
0.0
0.0
0.0
0.0
0.345307
1.1420544
0.8970273
0.012551138
0.33249602
0.0
0.0
0.0
0.0
0.05857437
1.1608002
1.2629367
0.800665
0.39743748
0.2068211
0.0
0.0
0.0
0.0
1.2306267
1.6884186
0.82712626
0.13834721
0.39603603
0.03796645
0.16663454
0.12028532
0.11217881
0.021629833
0.2768794
0.23373054
0.0
0.0
0.0
0.0
0.0
0.0
0.0
0.0
0.0
0.0
0.0
0.0
0.0
0.0
0.0
0.0
0.0
0.0
0.0
0.0
0.0
0.0
0.0
0.0
0.0
0.0
0.0
0.0
0.0
0.0
0.0
0.0
0.0
0.0
0.0
0.0
0.0
0.0
0.0
0.0
0.0
0.0
0.0
0.0
0.046554808
0.0
0.3077472
0.32539555
0.0
0.0
0.0
0.0
0.0
0.0
0.0628569
0.19162023
0.63222694
0.0149826035
0.0
0.0
0.0
0.0
0.0
0.0
0.089396805
0.614746
0.28602332
0.0
0.0
0.0
0.0
0.0
0.0
0.0
0.20975398
0.7262812
0.0
0.0
0.0
0.0
0.0
0.0
0.0
0.0
0.22161837
0.37485972
0.0
0.0
0.0
0.0
0.0
0.0
0.0
0.03071968
2.519819
1.9807069
2.7213452
3.7204394
3.7322931
3.7110178
3.1015832
1.1369716
1.3404727
2.0978901
2.646972
2.812184
2.9446726
2.7904844
3.2314565
4.747942
4.421652
0.9418699
1.3237721
2.629535
1.5477452
1.2318963
0.53254944
0.0
1.3183035
2.9717007
1.1013929
0.0
0.0
0.75075907
0.0
0.0
0.0
0.0
0.0
0.75084907
0.0
0.0
0.0
0.0
0.0
0.0
0.0
0.0
0.6760696
0.0
0.0
0.0
0.0
0.0
0.0
0.0
0.2772054
2.162158
3.3568354
0.0
0.0
0.0
0.0
0.0
0.0
0.32362896
2.4855447
4.6628685
2.9544394
0.0
0.0
0.0
0.0
0.0
0.045599937
1.6305206
4.2858276
4.1871014
0.7689591
0.0
0.0
0.0
0.0
0.0
0.35872197
3.4135158
5.894927
2.3188553
0.0
0.0
0.0
0.0
0.0
0.0
0.5609583
4.5395894
5.6135645
0.0
0.0
0.0
0.0
0.0
0.0
0.0
0.0
0.0
0.0
0.0
0.0
0.0
0.0
0.0
0.0
0.0
4.4327393
6.3540998
6.18521
4.85947
3.5654805
2.9659457
1.4950799
0.0
0.0
0.0
3.2513068
4.292071
5.1105886
6.151366
7.303103
6.6137896
4.276442
2.1184108
1.0376703
0.42799625
0.0
0.0
0.0
0.0
0.0
0.0
0.0
0.0
0.0
0.0
0.0
0.0
0.0
0.0
0.0
0.0
0.2032479
1.0606433
0.7914249
0.423146
0.0
0.0
0.0
0.0
0.0
0.0
0.0
0.0
0.0
0.18132098
0.004157588
0.09232881
0.0
0.0
0.0
0.0
0.0
0.0
0.2413317
0.16917616
0.023510372
0.10245642
0.0
0.0
0.0
0.0
0.32698512
0.075789355
0.2015158
0.22058459
0.066467404
0.2422212
0.38519585
0.0
0.0
0.0
0.0
0.0
0.11111589
0.053259
0.10916905
1.3188614
2.2523725
1.9687802
0.43232998
0.0
0.0
0.1761488
0.21756677
0.019020515
0.0
0.0
0.1275599
0.0
0.0
0.0
0.0
0.56347454
0.6256445
0.0
0.46796542
2.071844
0.6147402
0.0
0.0
0.0
0.0
1.87335
0.93958336
0.0
4.3508244
3.566732
0.76711506
0.35588986
0.17352629
0.0
1.4207697
4.699833
0.0
0.0
3.9187975
0.54098165
0.0
0.0
0.0
0.0
3.693116
4.8046365
0.0
0.0
1.1961195
0.0
0.0
0.0
0.0
0.0
7.4544363
1.3478659
0.0
0.0
0.02980256
0.0
0.0
0.0
0.0
7.0887785
9.058671
0.0
0.0
0.0
0.0
0.0
0.0
0.0
3.3227782
11.597661
2.4831507
0.0
0.0
0.08373568
0.0
0.0
0.0
0.0
9.747528
8.722992
0.0
0.0
0.0
0.6396101
0.0
0.0
0.0
6.0938187
11.946275
0.26962087
0.0
0.0
0.27236682
0.23300081
0.0
0.0
0.8315237
11.088879
6.8170333
0.0
0.0
0.0
0.62418455
0.0
0.0
0.0
0.0
0.0
0.0
0.0
0.0
0.0
0.0
0.0
0.0
0.8293218
2.63036
3.268324
1.8190978
0.23024471
0.0
0.0
0.0
0.0
1.8015915
3.7338715
5.2276826
5.720967
6.000243
5.412574
4.198626
3.1217868
2.0212688
2.1995335
2.9723465
3.5546203
3.8617086
4.433433
4.5666275
3.3878388
1.933032
1.4018518
2.4668188
2.768773
1.2606952
1.536454
1.7989858
1.8384778
0.45385697
0.0
0.6124343
1.9622289
3.443123
2.5549848
0.17815489
0.21351355
0.13175157
0.0
0.0
0.0
0.45430207
2.3144953
2.7183084
1.0940107
0.08611636
0.040965717
0.0
0.0
0.0
0.0
1.8049203
3.0409882
2.0416353
0.3464677
0.07773137
0.0
0.0
0.0
0.0
1.1638734
3.4310286
3.3446195
1.0789627
0.013282377
0.05554541
0.0
0.0
0.0
0.32826665
2.1987135
2.8121533
1.4761245
0.17039692
0.044097167
0.030687772
0.0
0.0
1.6967193
3.9066322
4.083148
2.4757712
0.69966954
0.0
0.081390426
3.9805114
6.144073
6.6764402
6.5852604
6.4196067
6.278235
6.3621793
5.717464
3.0280156
0.29326913
2.0335305
2.2675328
3.2787461
4.7609825
5.3586807
5.8722215
7.047573
7.323314
4.33783
1.3115898
0.0
0.0
0.0
0.0
0.71865296
3.0613472
5.4389296
4.600873
1.6906393
1.1025177
0.0
0.0
0.0
0.0
0.0
0.95820343
2.5348768
0.0
0.0
0.49668214
0.0
0.0
0.0
0.0
0.40346077
2.9124916
0.41963238
0.0
0.0
0.25390226
0.0
0.0
0.0
1.5730503
5.161014
4.321493
0.0
0.0
0.0
0.56138945
0.0
0.10717641
1.0448008
4.6491184
6.166538
1.4713955
0.0
0.0
0.37167746
0.0
0.016284708
0.46030807
3.3513489
6.709122
4.203396
0.0
0.0
0.18244989
0.47658065
0.0
0.082039006
1.3588232
5.369839
6.6274095
1.4926339
0.0
0.0
0.21983643
0.0
0.0
0.15050615
1.7433783
3.7303357
1.9748352
0.0
0.0
0.63158613
0.36113012
0.0
0.0
