8.764942
7.657144
1.9467579
0.0
0.0
7.2194233
13.176381
12.162138
10.257623
3.6744547
0.0
0.0
0.0
0.0
0.9258707
0.0
0.54662377
0.0
0.0
0.8977305
2.0968688
3.3444474
0.0
0.660744
1.0074183
4.6774282
7.203948
7.6002755
7.6596465
4.9691277
0.0
0.0
0.0
0.0
1.16586
0.0
2.065251
2.2338908
2.7278728
0.5158501
0.7147653
3.1993713
1.0425411
2.496174
0.0
1.7466342
2.8404794
3.1549296
1.3134938
0.0
3.7363753
0.0
0.0
0.0
0.0
2.6622725
0.79772586
2.72664
4.1538515
0.0
2.2999876
1.2544312
7.0748134
3.6738625
0.0
0.0
5.805697
7.246466
0.0
0.0
1.8845639
7.5782175
2.1320963
0.0
0.0
0.0
1.3516213
1.8866082
1.5069032
5.4904447
0.0
0.0
0.0
0.0
8.660931
0.0
0.0
0.0
0.39859933
8.745816
0.0
0.0
0.0
6.6536674
7.6292944
0.0
0.0
3.077952
8.570443
3.8442054
0.13932186
0.7992102
0.6840641
0.0
0.0
0.50388217
1.6821322
2.615241
0.89535064
0.953479
1.1427134
3.994808
2.1910372
2.7145202
1.6697385
1.6285057
1.7620437
1.0551788
1.7629482
1.1314116
1.6960675
0.0
1.7367336
1.0684745
0.8426097
5.936395
6.5491476
8.112283
8.144549
4.570986
0.0
0.0
0.0
0.99412924
1.3189476
0.0
1.4338474
1.2355349
0.0
0.0
1.132541
2.658806
2.0578392
0.0
0.0
2.2612205
2.878574
0.10493442
0.0
0.0
2.3397691
5.929295
7.3440905
6.5232873
6.2319016
1.1190209
0.085048884
0.0
1.3589427
3.5742297
1.3191882
1.256786
1.8969444
2.0259118
1.7190399
0.113193184
0.57082534
2.0262163
2.679312
0.73408735
0.5871621
0.56753266
3.9071167
1.9633572
0.24403828
0.0
0.0
0.0
0.0
0.0
6.1689787
7.777172
8.645969
1.8925534
1.7659862
0.0
0.0
0.0
0.0
1.1395242
0.8244204
0.36535883
0.0
0.0
1.1733575
0.28956935
0.0
0.0
0.8381004
1.2476436
6.3757496
7.8167095
7.6379924
6.7349906
5.2721252
5.2394977
6.1539826
7.8419194
7.6276994
5.5781984
0.0
0.0
4.0357127
2.5059986
0.0
0.10526711
3.0746183
5.888393
0.88532954
0.0
0.7161538
6.3501606
5.145153
0.0
0.047264423
2.0365522
3.474648
2.0474577
3.481627
3.695685
0.0
3.1898892
2.7841697
5.0705485
6.7921543
0.0
0.0
0.0
1.2021009
2.6249983
0.020078355
0.0
0.345307
1.1420544
0.90233016
0.0
0.0
1.6884186
1.2629367
0.39743748
0.16663454
0.11217881
0.2768794
0.0
0.0
0.0
0.0
0.0
0.0
0.0
0.046554808
0.32539555
0.0
0.0
0.0
0.614746
0.63222694
0.0
0.0
0.0
0.7262812
0.0
0.0
0.0
0.03071968
2.812184
3.7204394
4.747942
4.421652
2.629535
1.5477452
0.53254944
2.9717007
1.1013929
0.75075907
0.0
2.162158
3.3568354
0.0
0.0
1.6305206
4.6628685
2.9544394
0.0
0.0
4.5395894
5.894927
0.0
0.0
0.0
6.3540998
6.18521
3.5654805
1.4950799
0.0
4.292071
6.151366
7.303103
4.276442
1.0376703
0.0
0.0
0.0
1.0606433
0.7914249
0.10245642
0.0
0.0
0.32698512
0.2413317
1.3188614
2.2523725
0.43232998
0.1761488
0.21756677
2.071844
0.6147402
0.0
1.87335
0.93958336
4.3508244
0.76711506
0.17352629
4.8046365
0.0
1.1961195
0.0
7.0887785
9.058671
0.0
0.0
0.0
11.597661
2.4831507
0.6396101
0.0
11.088879
11.946275
0.0
0.62418455
0.8293218
3.268324
1.8190978
0.0
0.0
3.7338715
5.720967
6.000243
4.198626
2.768773
1.536454
1.8384778
0.45385697
2.3144953
3.443123
0.08611636
0.0
1.1638734
3.4310286
2.0416353
0.05554541
1.6967193
4.083148
2.8121533
0.17039692
6.144073
6.6764402
6.4196067
7.323314
4.33783
0.0
0.0
3.0613472
5.4389296
1.6906393
0.0
1.5730503
5.161014
0.41963238
0.56138945
0.46030807
6.709122
6.166538
0.18244989
0.47658065
1.7433783
6.6274095
1.4926339
0.63158613
0.0
