0.035651885
0.029759737
0.07983957
0.22367585
0.0003174185
0.0
0.035651885
0.029759737
0.07983957
0.22367585
0.0003174185
0.0
0.035651885
0.029759737
0.07983957
0.22367585
0.0003174185
0.0
0.035651885
0.029759737
0.07983957
0.22367585
0.0003174185
0.0
0.035651885
0.029759737
0.07983957
0.22367585
0.0003174185
0.0
0.035651885
0.029759737
0.07983957
0.22367585
0.0003174185
0.0
0.035651885
0.029759737
0.07983957
0.22367585
0.0003174185
0.0
0.035651885
0.029759737
0.07983957
0.22367585
0.0003174185
0.0
0.035651885
0.029759737
0.07983957
0.22367585
0.0003174185
0.0
0.035651885
0.029759737
0.07983957
0.22367585
0.0003174185
0.0
0.035651885
0.029759737
0.07983957
0.22367585
0.0003174185
0.0
0.035651885
0.029759737
0.07983957
0.22367585
0.0003174185
0.0
0.035651885
0.029759737
0.07983957
0.22367585
0.0003174185
0.0
0.035651885
0.029759737
0.07983957
0.22367585
0.0003174185
0.0
0.035651885
0.029759737
0.07983957
0.22367585
0.0003174185
0.0
0.035651885
0.029759737
0.07983957
0.22367585
0.0003174185
0.0
0.035651885
0.029759737
0.07983957
0.22367585
0.0003174185
0.0
0.035651885
0.029759737
0.07983957
0.22367585
0.0003174185
0.0
0.035651885
0.029759737
0.07983957
0.22367585
0.0003174185
0.0
0.035651885
0.029759737
0.07983957
0.22367585
0.0003174185
0.0
0.035651885
0.029759737
0.07983957
0.22367585
0.0003174185
0.0
0.035651885
0.029759737
0.07983957
0.22367585
0.0003174185
0.0
0.035651885
0.029759737
0.07983957
0.22367585
0.0003174185
0.0
0.035651885
0.029759737
0.07983957
0.22367585
0.0003174185
0.0
0.035651885
0.029759737
0.07983957
0.22367585
0.0003174185
0.0
0.035651885
0.029759737
0.07983957
0.22367585
0.0003174185
0.0
0.035651885
0.029759737
0.07983957
0.22367585
0.0003174185
0.0
0.035651885
0.029759737
0.07983957
0.22367585
0.0003174185
0.0
0.035651885
0.029759737
0.07983957
0.22367585
0.0003174185
0.0
0.035651885
0.029759737
0.07983957
0.22367585
0.0003174185
0.0
0.035651885
0.029759737
0.07983957
0.22367585
0.0003174185
0.0
0.035651885
0.029759737
0.07983957
0.22367585
0.0003174185
0.0
0.035651885
0.029759737
0.07983957
0.22367585
0.0003174185
0.0
0.035651885
0.029759737
0.07983957
0.22367585
0.0003174185
0.0
0.035651885
0.029759737
0.07983957
0.22367585
0.0003174185
0.0
0.035651885
0.029759737
0.07983957
0.22367585
0.0003174185
0.0
0.035651885
0.029759737
0.07983957
0.22367585
0.0003174185
0.0
0.035651885
0.029759737
0.07983957
0.22367585
0.0003174185
0.0
0.035651885
0.029759737
0.07983957
0.22367585
0.0003174185
0.0
0.035651885
0.029759737
0.07983957
0.22367585
0.0003174185
0.0
0.035651885
0.029759737
0.07983957
0.22367585
0.0003174185
0.0
0.035651885
0.029759737
0.07983957
0.22367585
0.0003174185
0.0
0.035651885
0.029759737
0.07983957
0.22367585
0.0003174185
0.0
0.035651885
0.029759737
0.07983957
0.22367585
0.0003174185
0.0
0.035651885
0.029759737
0.07983957
0.3886888
0.58160317
0.52462363
0.0
0.0
0.0
0.2409897
3.4210765
2.86201
0.0
0.0
0.0
0.0
3.8984325
3.0047977
0.012485543
0.0
0.0
0.1243916
2.8658023
2.291532
0.035651885
0.029759737
0.07983957
0.22367585
1.6815355
1.5035533
0.035651885
0.029759737
0.07983957
0.22367585
1.3399467
1.3605442
0.035651885
0.029759737
0.07983957
0.22367585
1.3399467
1.3605442
0.035651885
0.029759737
0.07983957
0.22367585
1.3399467
1.3605442
0.035651885
0.029759737
0.07983957
0.22367585
1.0871217
1.0724263
0.035651885
0.029759737
0.07983957
0.22367585
0.19388825
0.09256048
0.035651885
0.029759737
0.07983957
0.22367585
0.0003174185
0.0
0.035651885
0.029759737
0.07983957
0.22367585
0.0003174185
0.0
0.035651885
0.029759737
0.07983957
0.22367585
0.0003174185
0.0
0.035651885
0.029759737
0.07983957
0.22367585
0.0003174185
0.0
0.18123734
0.28987113
0.21602896
0.28587905
1.0947157
0.77349734
0.0
1.182303
0.29005492
0.0
5.258819
2.8435662
0.0
1.2775594
0.2953856
0.11632589
5.8421955
3.0742273
0.0
1.3541071
0.23721266
0.04487224
5.404054
3.352098
0.0
1.1617304
0.31966817
0.0
5.7232494
3.3290606
0.0
1.0691134
0.3136353
0.0
5.953189
3.283802
0.0
1.0503325
0.306408
0.0
5.9291615
3.2788656
0.0
0.8461435
0.1276145
0.025079116
6.0969906
3.6391044
0.0
0.0
0.0
0.0
5.9603314
3.5585496
0.035651885
0.029759737
0.09885776
0.22367585
1.2970232
0.5189806
0.035651885
0.029759737
0.07983957
0.22367585
0.0003174185
0.0
0.035651885
0.029759737
0.07983957
0.22367585
0.0003174185
0.0
0.035651885
0.029759737
0.07983957
0.22367585
0.0003174185
0.0
0.035651885
0.029759737
0.07983957
0.22367585
0.0003174185
0.0
0.078685544
0.09446037
0.07983957
0.22367585
0.23670834
0.02224177
0.03800652
0.39800784
0.07983957
0.22367585
0.9337725
0.18568532
0.035651885
0.49020672
0.07983957
0.24423546
1.2737068
0.23964146
0.06006212
0.9488627
0.066642374
0.21234521
2.65216
0.69506687
0.0
1.0949044
0.02775833
0.26388896
3.3094854
0.9359415
0.0
1.1833835
0.0
0.20992249
3.679293
1.1111691
0.0
1.1740605
0.0
0.39524502
3.6398518
1.0859433
0.0
0.6462994
0.0
0.3079049
5.7785525
3.4284084
0.0
0.5273099
0.088804394
0.40394557
6.4633155
3.3299496
0.035651885
0.22714129
0.1330331
0.424627
1.130047
0.42156273
0.035651885
0.029759737
0.07983957
0.22367585
0.0003174185
0.0
0.035651885
0.029759737
0.07983957
0.22367585
0.0003174185
0.0
0.035651885
0.029759737
0.07983957
0.22367585
0.0003174185
0.0
0.035651885
0.029759737
0.07983957
0.22367585
0.0003174185
0.0
0.035651885
0.029759737
0.07983957
0.22367585
0.0003174185
0.0
0.035651885
0.029759737
0.07983957
0.22367585
0.0003174185
0.0
0.035651885
0.029759737
0.07983957
0.22367585
0.0003174185
0.0
0.035651885
0.029759737
0.07983957
0.22367585
0.0003174185
0.0
0.035651885
0.029759737
0.07983957
0.22367585
0.0003174185
0.0
0.035651885
0.029759737
0.07983957
0.2597669
0.084123924
0.07264205
0.0
0.0
0.0
0.33886623
3.3170793
2.6074579
0.0
0.56663805
0.0
0.0
6.0624104
3.4513521
0.0
0.5707901
0.169852
0.4830265
4.4449925
1.7911084
0.035651885
0.045318544
0.07983957
0.2508184
0.06823493
0.024815345
0.035651885
0.029759737
0.07983957
0.22367585
0.0003174185
0.0
0.035651885
0.029759737
0.07983957
0.22367585
0.0003174185
0.0
0.035651885
0.029759737
0.07983957
0.22367585
0.0003174185
0.0
0.035651885
0.029759737
0.07983957
0.22367585
0.0003174185
0.0
0.035651885
0.029759737
0.07983957
0.22367585
0.0003174185
0.0
0.035651885
0.029759737
0.07983957
0.22367585
0.0003174185
0.0
0.035651885
0.029759737
0.07983957
0.22367585
0.0003174185
0.0
0.035651885
0.029759737
0.07983957
0.22367585
0.0003174185
0.0
0.035651885
0.029759737
0.07983957
0.22367585
0.0003174185
0.0
0.035651885
0.029759737
0.07983957
0.34573653
0.9353615
0.7043861
0.0
0.12735213
0.0
0.14373296
5.7895737
3.2605846
0.0
0.6772738
0.110303566
0.49128082
6.21323
2.9827187
0.035651885
0.38535234
0.07983957
0.53592825
1.3942289
0.4798904
0.035651885
0.029759737
0.07983957
0.22367585
0.0003174185
0.0
0.035651885
0.029759737
0.07983957
0.22367585
0.0003174185
0.0
0.035651885
0.029759737
0.07983957
0.22367585
0.0003174185
0.0
0.035651885
0.029759737
0.07983957
0.22367585
0.0003174185
0.0
0.035651885
0.029759737
0.07983957
0.22367585
0.0003174185
0.0
0.035651885
0.029759737
0.07983957
0.22367585
0.0003174185
0.0
0.035651885
0.029759737
0.07983957
0.22367585
0.0003174185
0.0
0.035651885
0.029759737
0.07983957
0.22367585
0.0003174185
0.0
0.035651885
0.029759737
0.07983957
0.22367585
0.0003174185
0.0
0.035651885
0.029759737
0.07983957
0.26955432
0.106851116
0.092387915
0.0
0.0
0.0
0.32945323
3.1980553
2.6003902
0.0
0.4886959
0.0
0.0
5.769636
3.1847618
0.0
0.5461948
0.10753393
0.50441986
3.8845398
1.4189667
0.035651885
0.034081627
0.07983957
0.23121545
0.019183394
0.0067697833
0.035651885
0.029759737
0.07983957
0.22367585
0.0003174185
0.0
0.035651885
0.029759737
0.07983957
0.22367585
0.0003174185
0.0
0.035651885
0.029759737
0.07983957
0.22367585
0.0003174185
0.0
0.035651885
0.029759737
0.07983957
0.22367585
0.0003174185
0.0
0.035651885
0.029759737
0.07983957
0.22367585
0.0003174185
0.0
0.035651885
0.029759737
0.07983957
0.22367585
0.0003174185
0.0
0.035651885
0.029759737
0.07983957
0.22367585
0.0003174185
0.0
0.035651885
0.029759737
0.07983957
0.22367585
0.0003174185
0.0
0.035651885
0.029759737
0.07983957
0.22551098
0.0045787664
0.0035315324
0.01740392
0.002032036
0.059790604
0.3632661
1.757883
1.8420583
0.0
0.20730287
0.0
0.0047545135
6.2879353
3.3320072
0.0
0.60109574
0.117836505
0.5034008
5.889716
2.8202746
0.035651885
0.24960746
0.08531876
0.5020448
0.97444624
0.35748547
0.035651885
0.029759737
0.07983957
0.22367585
0.0003174185
0.0
0.035651885
0.029759737
0.07983957
0.22367585
0.0003174185
0.0
0.035651885
0.029759737
0.07983957
0.22367585
0.0003174185
0.0
0.035651885
0.029759737
0.07983957
0.22367585
0.0003174185
0.0
0.035651885
0.029759737
0.07983957
0.22367585
0.0003174185
0.0
0.035651885
0.029759737
0.07983957
0.22367585
0.0003174185
0.0
0.035651885
0.029759737
0.07983957
0.22367585
0.0003174185
0.0
0.035651885
0.029759737
0.07983957
0.22367585
0.0003174185
0.0
0.035651885
0.029759737
0.07983957
0.22367585
0.0003174185
0.0
0.035651885
0.029759737
0.07983957
0.33654094
0.49969968
0.51024276
0.0
0.0
0.02442747
0.38934296
5.300672
3.307487
0.0
0.80493164
0.042020574
0.14909329
6.3755856
3.5466495
0.0
0.68670523
0.08249754
0.5216118
3.1400237
1.0962989
0.035651885
0.029759737
0.07983957
0.22367585
0.0003174185
0.0
0.035651885
0.029759737
0.07983957
0.22367585
0.0003174185
0.0
0.035651885
0.029759737
0.07983957
0.22367585
0.0003174185
0.0
0.035651885
0.029759737
0.07983957
0.22367585
0.0003174185
0.0
0.035651885
0.029759737
0.07983957
0.22367585
0.0003174185
0.0
0.035651885
0.029759737
0.07983957
0.22367585
0.0003174185
0.0
0.035651885
0.029759737
0.07983957
0.22367585
0.0003174185
0.0
0.035651885
0.029759737
0.07983957
0.22367585
0.0003174185
0.0
0.035651885
0.029759737
0.07983957
0.22367585
0.0003174185
0.0
0.035651885
0.029759737
0.07983957
0.26099032
0.08696482
0.07511028
0.0
0.0
0.0
0.32769457
3.3344297
2.598224
0.0
0.07286535
0.0
0.0
6.3067546
3.7376943
0.0
0.51046044
0.041324187
0.48214617
5.0507097
1.9940165
0.035651885
0.097413875
0.07983957
0.33985463
0.29589564
0.10855686
0.035651885
0.029759737
0.07983957
0.22367585
0.0003174185
0.0
0.035651885
0.029759737
0.07983957
0.22367585
0.0003174185
0.0
0.035651885
0.029759737
0.07983957
0.22367585
0.0003174185
0.0
0.035651885
0.029759737
0.07983957
0.22367585
0.0003174185
0.0
0.035651885
0.029759737
0.07983957
0.22367585
0.0003174185
0.0
0.035651885
0.029759737
0.07983957
0.22367585
0.0003174185
0.0
0.035651885
0.029759737
0.07983957
0.22367585
0.0003174185
0.0
0.035651885
0.029759737
0.07983957
0.22367585
0.0003174185
0.0
0.035651885
0.029759737
0.07983957
0.22367585
0.0003174185
0.0
0.035651885
0.029759737
0.07983957
0.31890708
0.77050227
0.5308639
0.0
0.10156324
0.0
0.14947274
5.831234
3.4943047
0.0
0.74851274
0.012071967
0.0
7.270062
4.0764093
0.0
0.57920295
0.21398497
0.49282646
3.5655837
1.5494434
0.035651885
0.029759737
0.07983957
0.22367585
0.0003174185
0.0
0.035651885
0.029759737
0.07983957
0.22367585
0.0003174185
0.0
0.035651885
0.029759737
0.07983957
0.22367585
0.0003174185
0.0
0.035651885
0.029759737
0.07983957
0.22367585
0.0003174185
0.0
0.035651885
0.029759737
0.07983957
0.22367585
0.0003174185
0.0
0.035651885
0.029759737
0.07983957
0.22367585
0.0003174185
0.0
0.035651885
0.029759737
0.07983957
0.22367585
0.0003174185
0.0
0.035651885
0.029759737
0.07983957
0.22367585
0.0003174185
0.0
0.035651885
0.029759737
0.07983957
0.22367585
0.0003174185
0.0
0.035651885
0.029759737
0.07983957
0.22367585
0.0003174185
0.0
0.11878065
0.22919448
0.13421226
0.22367585
0.8103213
0.40160674
0.07081107
1.3153914
0.21758159
0.0023087412
4.7970715
1.9941081
0.0
1.3902932
0.09663302
0.516975
5.020426
1.709473
0.035651885
0.3232984
0.07983957
0.5132832
1.0670983
0.36111993
0.035651885
0.029759737
0.07983957
0.22367585
0.0003174185
0.0
0.035651885
0.029759737
0.07983957
0.22367585
0.0003174185
0.0
0.035651885
0.029759737
0.07983957
0.22367585
0.0003174185
0.0
0.035651885
0.029759737
0.07983957
0.22367585
0.0003174185
0.0
0.035651885
0.029759737
0.07983957
0.22367585
0.0003174185
0.0
0.035651885
0.029759737
0.07983957
0.22367585
0.0003174185
0.0
