-1.243
-0.716
-0.2974
-0.6313
1.066
-1.575
0.691
-0.862
-0.638
-1.356
0.3499
0.1821
-0.03983
0.1669
0.5713
-1.4795
-0.8066
0.2654
-0.2605
-0.4607
1.273
-0.7334
-1.111
0.545
1.803
-0.448
-0.1885
-1.004
0.3486
-0.364
-1.704
-0.2303
-1.399
-0.491
1.234
0.2935
0.1965
-0.796
-2.744
-1.436
-0.8516
1.804
-1.185
0.01489
0.3564
0.393
0.2291
-0.211
-0.896
0.3643
1.775
-1.443
0.573
0.599
-0.5254
-1.951
-0.711
0.648
1.112
1.412
1.009
0.581
-0.03568
-0.2188
0.9272
0.2578
-0.5073
-0.4053
1.061
0.8525
1.237
-0.595
-1.5625
0.6543
-0.3857
0.3223
2.11
-0.306
0.1139
1.494
-0.001002
0.888
-0.3118
0.1381
0.6895
-0.3035
0.6157
-0.5107
0.912
-0.3354
0.5156
1.505
0.6763
1.371
-0.2842
0.559
-0.632
-1.777
-1.301
-0.7876
-1.423
2.555
-1.285
1.494
-1.752
-0.1775
0.2433
1.134
-0.2554
1.074
-1.741
0.7134
-1.298
-0.705
-0.3782
-0.8037
0.6997
1.486
0.5205
-1.096
0.1522
-2.04
-1.605
0.1627
0.2642
0.2551
-0.081
0.4934
-0.1318
0.02473
0.2893
1.53
1.206
1.412
-1.037
1.138
0.6035
0.007195
-0.6445
-0.2876
-0.9644
0.0193
1.447
-0.662
0.3406
-0.4114
-0.3792
0.1071
0.003757
-0.9844
0.1035
-2.637
-0.652
0.4775
-0.2192
-0.11383
-0.2308
-1.163
0.4849
-0.1687
0.4565
-1.057
0.3118
1.121
0.11414
-1.645
1.949
-0.5557
1.049
-0.3354
0.2422
0.806
-0.8315
1.186
-0.342
0.207
0.7866
0.4385
1.323
0.0004888
1.751
-0.4802
1.223
-1.686
0.3806
1.244
0.1605
-2.947
-0.1531
-0.6504
-0.03497
-0.2861
0.92
0.273
-0.583
0.2822
-0.281
0.3184
-1.4
0.528
0.09314
-0.3538
1.523
-1.545
-0.1605
0.4377
-0.1853
0.9434
0.549
1.713
0.6963
-0.26
-0.646
1.41
0.272
-1.238
-0.1412
-0.04547
0.3403
0.2332
-0.82
1.17
-0.0799
0.6787
-0.02669
-1.278
1.44
0.7056
0.2935
-0.3323
0.3733
-0.988
-1.593
-1.029
-0.2435
-0.508
0.641
0.1433
-0.317
1.729
-1.486
0.3901
0.3408
-1.129
1.377
-0.1255
-0.1423
0.5703
1.506
-0.2957
-1.982
0.7256
-0.338
1.145
-0.3342
-0.5337
-0.5537
-0.213
-1.671
-0.1299
0.4868
-2.055
-0.989
1.05
1.099
-0.534
0.55
0.10645
-1.33
-0.491
1.241
0.6284
-0.278
0.4902
0.594
-0.1989
-1.15
1.468
-1.28
-0.573
2.992
-0.5874
0.734
0.207
-0.8765
-0.2827
0.7593
-0.244
-0.7466
1.051
0.6074
-0.486
1.106
-3.0
-1.237
-0.2832
-0.2764
-1.7295
1.043
0.5986
1.134
0.3083
0.0658
-0.587
-0.745
-1.242
-0.1301
-0.9346
-0.3428
0.5083
-0.2242
0.3477
0.3533
-0.794
0.001594
-1.655
-0.8657
1.404
0.7627
2.162
1.524
0.4404
1.907
-0.8457
0.535
-0.734
-0.1448
0.4807
-0.234
1.573
-1.067
0.4587
0.8296
-0.6465
0.43
-0.943
-1.525
0.7007
-0.1252
0.3005
-0.5596
1.318
0.2866
0.8467
1.118
-0.944
0.4521
1.2295
-0.5083
0.2986
1.337
0.544
0.516
0.279
-1.624
-0.2905
-0.1923
1.537
-1.395
0.732
0.2455
0.616
0.437
0.2627
0.8467
2.176
-0.6924
-0.0974
-0.2181
-0.0814
0.00833
0.0911
-2.096
0.0631
0.5884
-0.6484
0.6724
2.016
0.714
1.024
0.3445
-0.1727
-0.1514
1.911
-0.377
0.5283
0.1813
1.192
-0.791
2.473
-2.305
2.066
0.2915
-2.205
0.9116
1.04
-0.1906
-0.668
-1.247
-0.7886
0.3591
0.3494
1.167
-1.217
0.71
1.395
-1.814
0.3884
0.10266
0.1321
-1.229
-0.4937
0.3875
-1.49
0.7915
-3.113
0.595
1.025
0.4731
0.3325
0.708
0.9634
-0.1575
0.822
0.1109
-1.4
-0.5464
0.753
-0.5444
1.528
0.15
-0.4958
1.076
-0.2866
1.447
0.9004
-0.986
1.224
-0.826
-0.0646
0.03748
0.01752
0.7134
-1.555
-0.638
0.5874
1.314
0.7397
-0.4304
-0.3972
2.555
-0.859
0.2625
-1.093
-0.617
0.3418
-0.1938
-0.1691
-0.556
1.246
-1.465
0.759
-1.208
-1.163
-1.689
-0.005234
1.988
0.2805
-1.648
-0.786
1.359
-0.6978
0.785
-1.1
-1.314
-0.4802
1.683
0.5454
0.7554
1.572
2.604
-0.978
2.254
-1.225
-0.5796
-0.0529
-1.29
0.422
0.3132
1.038
-0.6104
1.357
0.2646
1.173
-1.481
-0.7427
0.3604
-0.606
-1.463
1.386
-0.4238
0.2375
1.027
-0.5757
-0.5347
0.706
-0.5903
0.854
-0.08185
-1.291
1.535
0.01924
1.598
1.225
-2.139
-0.407
0.03041
-0.965
-0.596
0.392
0.373
0.534
0.4817
-0.0884
-0.6997
-0.4775
-0.02846
-0.08344
-0.2805
0.07855
-0.10864
0.56
-0.1661
1.11
-0.2012
-0.1481
2.188
1.435
-1.273
0.485
1.283
-0.5713
1.392
0.758
1.464
0.6562
0.1274
-0.6113
-2.625
1.814
0.753
-1.941
-0.0662
-0.8667
1.632
-0.611
-0.47
-1.5205
1.741
0.928
0.5713
-0.7217
-0.8896
1.013
0.626
0.2197
1.552
-0.0789
1.089
-0.945
-0.5283
-0.2449
0.4102
0.901
-1.481
-0.7583
-0.8887
0.628
0.3318
-0.0804
-1.048
1.763
2.062
0.0354
-1.051
0.742
1.748
-0.597
0.7744
0.8223
1.135
1.789
-0.297
-0.3271
-0.717
-0.581
-0.751
0.1643
0.2954
1.113
0.575
2.262
0.1004
-1.7705
0.1064
-0.911
-1.612
0.877
0.5854
1.043
-0.1858
0.612
-1.66
-0.3137
0.2487
0.478
-0.668
1.175
0.1812
0.4336
-0.3438
0.492
-1.09
-0.2019
0.3274
-0.1439
1.404
-1.234
-0.953
-0.81
0.02072
-0.625
-0.545
0.04016
1.426
0.994
0.8984
-0.7715
-1.09
0.07666
0.1958
0.6655
0.804
1.606
-0.4966
0.844
-0.2043
1.42
-0.3022
1.914
0.915
-0.1709
-0.874
-1.118
-0.321
0.044
-0.3225
1.233
-0.8022
0.792
-0.957
-1.335
-1.141
-0.528
0.541
1.376
-0.72
1.223
-1.498
-0.06805
-0.76
0.4817
0.931
0.615
-2.457
0.3152
1.154
-2.129
0.3962
0.4514
-0.995
0.7544
1.116
1.756
0.10693
-0.02676
1.977
-0.4458
1.564
-0.9697
-1.262
-0.3015
0.8374
1.524
-0.187
-2.871
-1.231
-0.5596
-1.061
0.841
-0.08746
1.438
-0.10864
0.6675
-0.2856
0.2452
-1.031
-0.59
0.7734
1.324
-0.8286
-0.509
0.8677
-0.5093
0.1247
1.189
-0.587
-1.331
-0.631
0.6606
0.1558
0.0816
1.145
-0.2078
0.329
0.714
-1.295
-0.0067
0.177
0.8853
0.8013
0.9395
-1.873
1.643
0.11664
-0.9673
0.0693
-0.2069
-0.9805
0.0694
1.939
-0.6455
0.779
-1.364
0.523
-1.713
-0.1317
0.8687
1.119
0.666
0.504
-0.754
0.2725
0.4958
0.00819
-0.7095
-1.113
0.2783
1.521
1.323
1.381
-0.702
-0.2705
0.702
-0.35
-1.372
0.62
-0.937
-0.574
-1.192
0.165
-1.71
0.372
1.042
-1.131
0.298
0.2393
1.18
0.1626
-0.708
-0.1577
-2.67
-0.888
-0.02281
-0.998
-1.2705
-0.4348
0.67
1.364
0.3696
-0.5894
1.433
-0.724
-0.727
-0.944
-0.551
0.834
1.182
-0.3923
-0.3555
-1.171
-0.4446
-1.322
0.3462
-0.1775
0.3281
-0.6763
0.815
-1.257
0.722
-0.4443
0.013176
0.4812
0.9146
0.55
-0.87
1.486
0.1553
0.848
0.978
-1.602
-1.286
-0.3325
-1.389
1.291
0.0096
0.217
1.072
-1.438
1.294
0.577
0.8223
0.1372
0.4712
-0.982
1.083
-0.1395
-0.687
0.6694
-0.2227
-0.78
-1.775
-0.0831
2.234
-0.564
-0.4148
0.6235
0.432
-0.7954
-0.1993
1.385
1.366
-0.39
0.8477
-0.8525
-1.046
-1.025
0.467
2.312
1.998
-0.3376
-0.3984
-0.1287
0.3154
-0.04242
-0.05466
0.4268
0.8247
-1.872
-1.049
-0.2742
1.552
-0.0912
-0.512
1.375
-0.2878
-1.104
-1.008
-0.9116
-0.0913
-0.1683
-0.8306
-0.9834
-0.7036
1.219
-1.439
-0.4014
0.9253
0.5503
1.026
-0.573
0.3892
-0.865
-0.409
0.2588
1.887
0.3618
-0.8726
-0.516
-0.7173
1.098
0.253
-0.807
0.5503
-2.629
-0.633
1.573
-0.8774
0.777
0.1033
0.007866
0.348
0.482
-0.0783
0.0771
0.975
-1.116
0.9404
0.758
1.181
-0.167
1.107
1.926
0.0952
-0.8027
1.03
1.07
0.5986
-1.872
2.332
-0.10876
-2.092
-1.14
-1.564
1.036
1.409
0.6724
-0.9336
1.035
-0.0778
-1.243
0.407
0.5537
1.024
-0.01192
-0.2434
-1.155
-1.243
4.09
0.6206
-2.748
-0.1708
-0.1018
0.1395
1.296
-0.7173
0.03558
-0.3262
-1.357
1.164
-0.8477
0.193
-0.10693
0.1505
0.3584
-0.3203
-0.4507
-1.013
-1.204
-2.625
1.764
1.5
-2.4
-1.059
0.1097
1.213
0.2233
0.1597
-0.7324
-0.4985
-0.3523
1.1455
-0.08673
-1.075
-0.67
-1.006
0.798
0.349
-0.6978
1.576
0.4028
-0.0956
-1.558
2.365
1.449
0.383
2.1
0.6313
0.7217
-0.4336
2.22
-0.294
0.884
1.382
1.215
1.463
-0.518
1.481
-0.633
-1.109
0.2412
1.496
0.8525
-0.0905
-1.936
-0.4504
-0.4165
-2.252
-1.481
-0.002382
0.6226
1.318
-0.07654
-0.3757
-0.1588
0.83
-2.064
-0.8906
-0.585
0.2537
-0.258
0.1705
-1.318
0.103
2.291
0.8916
0.28
-0.2756
-0.8433
-1.282
-0.6035
-0.4102
0.2075
0.7456
0.827
1.063
3.082
1.779
0.253
-0.291
0.36
-1.641
1.63
-0.11694
0.538
-0.05875
-0.6616
0.716
1.286
-1.548
-0.075
1.303
-0.2407
-1.46
0.1477
1.002
0.05386
-0.6616
0.2769
0.1971
0.3616
0.0762
0.0823
-1.863
0.677
0.02972
0.4353
-0.941
2.008
0.04343
0.3782
-0.1159
-0.436
-0.3225
-0.02084
-0.6777
-0.647
-1.124
0.8667
0.1256
-0.4485
0.1824
-0.07043
-0.2188
0.1266
0.2148
-0.3188
0.2065
-0.9062
-1.2705
-1.292
-0.859
0.4153
1.0625
-0.514
0.155
-0.3933
1.543
-0.9185
0.00903
1.329
-0.0914
-0.3862
0.5854
1.109
-0.58
0.3787
0.545
1.062
0.8247
-1.06
0.5547
2.26
-0.613
0.976
1.489
-0.23
0.7725
-2.002
-1.9
0.591
-0.611
-1.19
1.576
-0.4692
0.771
-1.479
-0.2776
-0.506
0.575
0.4768
0.4807
1.865
0.1691
0.3582
-1.252
-0.6294
0.3525
0.05084
1.293
-2.297
-0.4805
-0.0414
0.2463
0.3105
-0.2441
0.859
2.033
-0.4678
-0.1471
0.608
0.82
1.028
-1.003
0.542
0.514
-0.608
0.656
-0.8843
0.576
0.7773
-1.33
-0.1464
0.1561
0.9604
0.887
0.9014
-0.3625
0.5615
-1.245
-1.411
-0.743
-0.2473
1.086
-0.712
-0.1892
-0.0866
0.216
-1.422
-0.9497
-1.617
0.3555
-0.6133
-0.6704
-0.696
-0.9287
-0.01485
0.3767
0.5815
0.4434
0.2396
0.835
-0.8696
-0.4663
-0.8438
-2.344
-0.4797
0.35
-0.1432
-0.4343
-0.3933
0.2036
0.731
0.1769
-1.741
-0.0816
0.338
0.6274
0.6953
-0.8105
-0.624
1.317
0.637
1.434
0.1993
-1.17
-0.174
2.102
-0.3086
-0.6934
-0.1382
0.811
-0.5933
0.271
-0.881
-0.1129
-0.7695
-0.2527
-0.6587
0.5264
-0.202
-1.086
-0.3894
0.2118
0.02324
-0.9697
0.358
-0.177
0.1733
0.8154
0.2133
-0.329
0.03128
-0.3635
-0.852
-0.3335
0.4426
0.0401
-0.785
0.9155
-0.014
2.15
-0.545
0.416
0.7905
0.5654
-1.378
-0.2317
-0.333
-0.377
0.5986
1.004
-0.01441
1.197
-0.9966
-0.325
0.1924
0.1636
-1.744
1.585
-0.385
-1.353
1.8125
-0.5146
-1.133
0.8477
0.6035
-0.2388
0.757
-0.1987
-0.507
1.521
0.2961
1.423
-2.006
-1.474
-0.3936
-1.834
0.3223
0.05255
0.0987
0.561
0.25
1.191
-0.956
-1.338
0.92
1.546
-0.924
-0.11847
0.4783
-0.858
-0.869
0.358
-1.31
1.179
-0.674
0.0715
0.3735
-0.9155
-0.615
1.047
-0.5474
0.03275
0.571
1.729
1.139
-0.9717
1.58
-1.137
0.659
0.8857
1.277
-0.1775
-1.061
1.117
-0.2075
0.4116
-2.03
0.571
0.1617
-0.2299
0.0705
-0.9976
-0.2177
2.92
2.152
0.6357
-0.3003
0.8374
0.253
1.494
0.2637
1.336
-0.1724
1.223
0.317
-0.1631
-2.477
-0.319
-1.35
0.9624
-0.3386
0.434
1.392
-2.035
0.4944
-1.116
-0.4827
2.969
0.89
0.443
0.3037
-0.01587
0.1661
-0.4683
0.709
-0.6216
1.484
0.7124
-1.835
-0.8174
0.2252
0.78
-2.285
-0.3782
0.679
0.718
0.4258
-0.7295
0.8267
-0.74
-0.1781
-0.502
0.3384
-2.223
-0.829
0.5625
-0.0911
1.102
-0.4856
-0.3054
-0.5327
-0.2206
-0.4556
-0.6963
0.2678
0.71
0.734
-0.695
0.6787
1.069
0.918
-0.1837
-1.905
-0.208
0.8115
0.2876
2.012
-0.666
-1.161
-0.0819
-0.6035
1.967
1.624
0.5923
1.391
-1.261
-0.1713
1.027
1.351
1.308
-0.968
0.1493
0.655
-1.357
-0.8696
0.5054
0.5625
0.010086
0.10486
-1.445
0.226
0.823
-2.244
-1.479
-0.0527
-1.241
-1.532
0.4072
0.8325
0.8887
0.3608
0.4573
0.4604
1.561
-0.1965
-1.068
1.308
-0.3594
0.888
-1.014
0.814
0.2054
0.4995
0.2007
0.004986
-0.2827
-0.8687
-0.1166
0.751
-1.562
-0.417
0.92
1.851
-0.4956
0.6787
0.3481
-0.1349
0.1328
-0.5967
0.817
-0.0887
-1.167
-0.1921
-0.587
0.921
0.514
-0.77
0.10706
0.10547
-0.2583
0.672
-0.8647
1.781
-0.0449
-0.265
-0.761
-1.201
0.651
0.1926
-0.564
-0.1147
0.1566
1.568
0.0748
0.846
0.795
0.276
-0.2043
0.01054
-0.4155
-1.124
0.7944
0.01314
-0.3303
0.854
2.219
0.541
-0.4204
-0.4597
1.122
-0.1945
1.924
0.1609
1.184
-1.25
-0.2556
-0.959
0.11304
0.2844
-1.354
-1.004
0.4807
0.4436
1.899
1.537
1.331
0.3655
1.845
-0.2495
0.6353
0.6284
0.278
-0.2507
1.377
0.2056
0.04153
-0.297
-0.6333
0.4626
-0.5977
-1.535
1.044
-0.2903
0.476
0.3853
-1.05
-0.6934
-0.334
-0.1846
-0.332
0.8853
-0.6304
0.75
-0.711
-1.097
0.7476
-0.0801
0.2178
-0.4087
0.4019
0.06665
2.248
-1.747
1.228
-1.004
-0.4753
-1.26
0.9424
2.057
-0.3071
0.349
-0.131
-0.8135
-1.091
-0.4006
0.5107
0.9873
1.223
0.964
0.89
-1.413
-0.3362
-0.4685
-0.8516
-0.591
0.2693
-1.515
-1.537
0.3997
0.7456
-0.997
-2.63
-0.2273
-0.1609
-0.4993
-1.454
0.1599
-0.585
2.025
-0.788
0.1687
-2.105
-0.503
-0.2693
1.275
-0.2869
-0.347
-0.9883
0.5757
-0.2145
-1.701
0.5205
-0.441
-0.806
-0.03726
0.729
0.5605
-2.062
-1.139
-2.65
-0.3906
-2.365
-1.481
0.663
0.428
-1.07
-1.4375
0.1523
-0.6846
0.97
-0.2144
1.124
1.018
-0.388
-0.1565
-0.5337
-0.312
-0.5767
0.4136
-0.3313
0.09186
0.001384
1.829
1.47
-1.401
-0.9834
0.667
0.3376
-1.874
1.589
0.957
0.3196
-1.962
-0.539
-0.3474
0.2937
1.621
1.128
0.823
1.93
-0.942
0.961
0.7515
-0.186
0.3435
-0.4392
1.341
-0.1741
1.207
1.159
0.03867
-0.125
-0.04236
0.4824
0.8877
0.06476
-2.977
-0.4648
1.624
1.3955
0.006935
0.1588
-1.235
-1.239
3.07
-0.2255
0.01672
0.979
0.2158
0.5845
-0.4236
1.354
0.9697
1.072
1.205
0.654
-0.2268
-1.891
1.557
0.705
-1.926
-0.828
-1.064
0.2216
1.758
-1.571
-1.082
-2.191
0.3867
0.495
-0.2712
1.175
-0.2153
0.616
-0.765
-1.573
-2.12
-0.05035
1.161
0.797
2.91
0.366
-0.2952
-0.5034
0.3618
2.29
-1.632
-1.127
-0.7783
0.2285
-2.596
-0.629
-0.2435
1.59
-0.3647
-0.1824
0.3823
0.12396
1.327
0.547
-2.453
0.1776
0.643
-0.0977
-0.2058
-0.678
-1.067
0.1604
-0.961
-0.1804
0.572
-2.139
0.3064
1.351
-0.8784
-0.1941
0.2346
-0.9414
2.104
-0.863
0.93
-0.6963
-0.1707
0.4167
-1.306
0.8247
0.4119
0.276
0.8086
-0.03537
0.0918
1.701
1.018
-0.646
0.1968
2.137
0.10425
0.5913
0.1019
-0.5933
-0.9053
0.3982
-1.508
-0.642
-1.152
0.9165
1.43
0.3208
-0.2367
0.0972
-0.433
-0.2903
-0.5366
0.907
-0.685
0.902
-0.3772
-0.5835
1.053
0.03152
1.577
-1.86
0.551
-0.6094
-0.901
-0.6187
-0.827
-0.786
-1.053
0.4644
-0.231
-0.6724
-0.3599
-0.468
-0.6284
0.7534
0.745
1.959
-1.481
0.5796
-0.894
0.9116
-0.8306
0.918
0.895
0.11444
-1.346
0.8433
-2.12
1.631
0.2151
-0.02576
0.3223
1.26
-0.3484
1.087
-0.909
-1.573
1.454
2.559
-0.434
0.4512
0.3494
-0.6274
1.105
1.464
0.8096
-0.5713
-1.27
-0.8374
-0.4883
1.511
-1.253
0.9995
0.9614
1.37
-1.078
-1.491
1.564
0.4353
-0.4912
1.042
-0.02052
-0.7783
-0.5654
0.9087
-1.072
-0.6074
0.648
0.6743
0.1168
-0.8496
0.7515
-0.3218
1.983
-0.429
-0.8403
0.5117
0.2043
0.7974
-0.7134
-0.4556
1.263
-1.574
-0.482
-0.1411
1.3125
0.5166
-0.01953
0.2236
0.4229
-1.293
-1.777
-0.3562
0.2043
-0.4639
-0.03943
-0.3743
-0.2072
0.3174
-0.478
2.016
-0.5986
0.3835
0.386
0.04648
-0.006107
0.876
-0.2874
-0.09625
-0.9805
0.436
0.8774
-0.03458
-0.6797
1.581
2.023
-0.1893
-0.8677
-1.429
-1.334
1.258
0.6895
2.326
-0.4387
-0.796
-0.726
0.3691
-0.5347
-0.1915
0.438
-0.422
-1.786
0.291
0.2173
-0.08215
-1.362
-0.0005484
1.622
-1.567
-1.26
0.4258
0.537
-0.6553
-0.649
0.3916
-0.502
-0.02348
2.367
-0.4207
0.0294
0.2408
-0.376
0.06995
-2.21
0.51
-1.728
0.2512
0.9487
-0.6104
0.4958
1.783
0.1426
0.3662
1.112
0.813
-1.958
0.523
-0.9204
1.487
-0.4556
0.813
0.4246
1.496
-0.945
-1.103
-1.018
0.3137
-1.792
-1.3545
-1.311
-0.583
-0.6973
1.322
-0.858
-1.238
-0.4934
0.0659
-0.2632
0.6743
-0.8354
-1.005
0.459
-0.921
0.3562
1.203
-0.8394
0.3037
-0.866
0.8765
2.406
-1.943
-0.12067
-1.485
1.588
-1.981
-0.1605
2.467
-1.583
-0.899
-0.1677
0.1058
-0.3784
0.6855
-0.8174
0.2905
0.3586
1.517
1.035
0.7354
0.6597
0.4407
1.012
-0.594
-1.683
0.2106
0.4067
2.027
1.59
1.373
-0.3965
-2.129
0.9805
-1.308
0.08234
-0.564
-0.767
0.1307
-3.623
-1.242
-2.215
-1.495
0.991
-0.2354
-2.348
-1.889
0.7695
-0.701
0.35
1.474
-0.2646
0.8823
1.078
-1.566
-0.04004
-0.2157
-0.5195
0.2239
-1.997
-0.667
0.1456
0.8516
1.2295
0.3586
0.1558
0.5874
0.2612
-1.451
0.5317
0.001272
-0.8604
-1.87
-0.5347
1.524
1.237
0.1537
0.2087
0.726
-0.499
-1.565
-1.138
-0.9336
-0.678
0.2135
-1.199
-0.0707
-0.3594
-0.6245
1.303
2.695
-0.1208
-1.333
-0.2527
-0.04907
-0.7065
1.459
0.5728
-0.916
1.559
0.901
-0.6484
-1.228
-1.845
0.595
-0.3896
2.941
1.059
-0.3127
-0.932
0.794
0.5635
1.319
1.119
0.228
-1.454
-0.5254
0.08136
0.3223
2.645
0.6255
-1.026
1.215
-0.6855
-0.3994
1.15
-1.466
0.2499
0.564
2.023
-1.654
0.7207
0.886
0.0812
-0.9893
-1.125
0.939
1.353
0.3188
-1.906
-0.4026
-1.715
-0.7593
0.1807
1.747
0.4055
0.1105
-1.362
0.2607
-0.702
0.7007
-1.74
0.05832
-0.279
-0.71
0.984
-0.02602
-1.269
-0.4148
-1.262
0.6284
0.648
0.1785
-0.4146
-0.134
0.679
1.64
0.1793
-1.324
0.11926
-0.7
0.1115
0.2052
-1.405
1.63
-0.984
0.0919
-0.6597
-0.946
-1.4795
0.892
-0.2803
1.452
0.908
0.8823
-1.034
-0.7954
1.298
1.233
-0.9395
1.086
-1.788
-0.3386
-0.7715
1.48
1.729
1.058
-0.3257
2.162
-0.638
0.1984
-0.9546
1.424
-1.432
-0.6177
-0.422
-2.018
-1.285
-1.054
0.553
-0.1133
-1.535
-0.1059
-0.897
0.965
0.8823
0.4558
1.973
-0.2012
-0.3267
-1.286
1.57
2.172
0.423
-0.8535
-0.874
-0.4082
0.4456
0.591
1.579
0.0634
-0.5205
-0.708
0.1787
-1.108
0.6094
-0.2852
0.549
-1.804
0.1776
0.0457
-0.3584
1.718
-0.0794
0.289
0.8086
-0.7114
-1.353
1.095
0.3726
-0.5264
-0.4558
-1.015
-1.121
-1.536
0.5117
1.042
0.4526
1.375
-0.003748
-0.222
1.026
-1.06
-0.1316
-0.1846
-0.663
2.1
-0.2695
0.547
-0.0934
-1.967
-2.678
0.2056
0.272
1.201
0.805
-1.77
-0.73
0.771
1.017
-1.055
-1.623
-0.9385
1.401
-1.092
0.4836
0.2457
-1.017
-0.874
-1.673
0.2268
0.838
-0.89
1.073
-1.599
-0.1434
-0.0675
-0.734
0.3257
1.115
1.256
0.0869
-0.3345
0.5947
2.34
-2.17
0.6514
1.4
0.09863
1.228
0.4673
-0.962
0.9844
-0.981
0.2783
-1.83
0.501
-1.721
1.596
0.893
1.088
-2.791
0.1387
-1.179
-0.253
-0.07794
-0.12384
-0.4236
-1.227
0.583
-0.317
0.09717
-0.2642
0.264
-0.10187
-0.0721
0.09235
-0.001317
0.6074
-0.5967
0.36
0.2002
0.01221
0.741
-0.7393
-2.025
-0.6025
1.387
1.188
0.3079
-0.478
-0.827
-0.2761
-0.826
-0.2349
0.3723
-0.2212
-0.88
-1.36
0.1879
0.9067
-0.8228
1.466
0.3582
0.94
0.065
-0.2478
-0.514
-1.042
-1.412
1.776
-0.606
-1.497
1.003
1.458
0.2756
0.5693
0.3342
1.234
-0.4714
1.117
-2.064
0.3364
-0.937
0.5596
-0.547
-1.157
-0.6177
-0.6455
-0.5483
-0.05063
-0.845
0.4104
0.118
-0.1111
1.241
1.793
-0.4668
-0.9033
0.2966
-1.144
-0.03915
0.00526
-0.7817
-1.569
0.2717
-0.4885
-1.012
-0.772
0.7563
-1.256
-0.1333
-1.565
-0.791
-0.455
-0.08453
0.3486
-0.1918
-0.9785
0.2456
-0.9834
0.466
-0.666
0.1941
0.498
1.366
0.1511
0.06015
-0.737
-0.8843
-2.338
0.0187
-0.862
-0.9194
-0.86
-0.858
0.2568
-0.2786
0.2964
0.8657
1.84
0.6865
0.8916
-0.3562
2.95
2.064
-1.393
0.4753
1.342
-0.319
-0.8086
0.3447
-0.6772
-1.141
-1.679
-0.04504
-0.8774
-0.6597
0.542
0.471
-0.6274
0.1959
0.4893
1.849
0.6265
-0.812
0.6045
1.299
-0.1189
0.798
-0.1919
-0.212
-2.264
-1.703
-1.042
-0.359
-1.411
-2.852
-1.076
1.61
-1.17
1.289
-0.8975
-1.541
1.544
-1.613
-0.777
-0.434
-0.677
-1.702
-0.2074
0.06714
0.851
-0.946
0.384
-0.5195
0.1292
-0.9033
-0.4314
-2.162
0.2693
0.1558
-1.009
0.7354
-1.144
0.937
0.521
-0.3503
1.145
0.7695
-1.241
0.1489
0.5454
-0.584
-2.027
-1.497
0.6924
-0.7676
0.6714
-0.302
-1.265
-0.8945
0.9097
0.798
-0.001045
-0.54
-0.629
0.908
-0.1432
-0.4717
-0.8447
-1.547
-0.3013
-1.761
-1.563
0.419
-1.375
-0.664
0.002296
1.426
1.181
-0.4426
1.116
-0.01872
-0.75
-0.2279
-1.39
1.158
-1.085
0.3032
-1.13
0.931
-0.33
0.322
0.5327
-0.4102
0.3647
-1.243
0.1383
-1.416
-0.1006
-0.9136
-0.612
1.106
-1.883
-0.9766
-1.772
-1.332
-0.319
1.681
1.543
0.2393
-0.3528
0.9194
0.5215
0.578
-0.2585
0.7373
-1.8545
-1.327
-1.272
-0.285
0.5117
-1.27
0.5967
-1.208
-1.468
-2.238
0.0949
0.774
1.623
0.8525
-1.119
-0.3953
-1.255
1.136
-2.098
0.6836
1.466
-1.094
-0.9478
-0.0831
-0.6943
0.625
-1.061
0.0838
-0.8286
0.99
-0.931
-0.958
0.8306
0.575
0.243
-0.335
-0.5557
1.25
-1.394
0.717
-0.43
-0.12463
0.6357
0.1586
0.257
1.315
0.4766
0.3892
1.037
0.01022
0.728
-0.4253
0.849
1.056
0.1004
0.889
0.1447
0.695
0.8467
0.85
0.3477
-0.5386
-1.031
0.1804
-0.544
-1.741
1.422
1.024
-0.541
-0.956
1.515
-0.1776
-0.03912
1.226
0.0926
-2.209
-0.2927
0.05246
0.2588
0.8076
0.07214
0.8623
0.4407
0.809
1.464
0.3687
-1.181
-0.1647
0.4626
-0.584
-1.139
-0.10394
-0.1945
-0.5894
-1.877
0.949
0.3743
-0.03665
0.6094
-0.998
-0.7
0.08417
-0.296
-2.432
0.407
-0.2454
-1.473
0.45
1.122
-0.148
-0.03876
0.1797
0.8833
0.8525
-0.4993
-0.2384
0.4214
0.482
-0.906
-1.081
1.752
-0.685
2.125
0.3748
-0.3691
0.0861
-1.689
-1.117
0.6455
1.215
0.5083
0.1971
1.93
0.019
0.6807
-0.4006
-0.7417
0.361
0.9824
-0.9688
0.2179
-0.8506
0.3147
1.509
0.865
0.9043
0.3457
1.433
-1.539
-0.1902
0.6235
0.0398
-1.009
0.379
0.552
-0.2812
-0.263
0.852
-1.004
-0.0854
1.379
0.6396
-0.5117
1.348
1.491
-1.161
-1.836
-0.695
-0.589
-0.8394
1.346
1.007
-0.507
0.5977
0.659
-2.037
0.219
1.962
-0.412
-1.184
0.7017
-0.6006
0.96
0.0927
0.634
-0.2197
0.052
-0.6055
0.744
-0.3242
-0.4543
0.1216
-2.0
0.488
-0.983
-1.409
1.751
-0.609
-1.414
0.05853
0.289
0.709
1.352
-0.755
-0.004677
0.5386
1.766
1.072
-2.16
-0.2003
-0.527
0.3645
0.1537
1.873
1.774
1.735
1.153
-0.6577
1.598
0.739
-0.3145
0.2502
1.726
-0.9634
-1.621
-1.763
-0.1288
2.723
-0.7295
0.327
1.717
-1.544
1.2705
-0.7583
-0.2637
0.9443
0.6475
0.2964
0.7393
0.471
-0.442
0.469
-0.1311
-1.272
-1.781
1.912
0.1948
1.379
-0.2827
0.3308
0.4827
0.7397
0.2717
1.39
0.0909
0.959
1.659
0.1372
-0.886
-0.26
-0.9097
0.5244
0.715
0.694
0.2837
-1.069
-0.3315
-2.303
-0.795
0.1181
0.479
0.637
0.649
-2.004
0.3328
1.296
1.723
-0.4558
-0.4917
-0.803
-1.232
-0.0638
-0.0946
-0.10187
-2.145
-1.143
1.396
0.922
0.8755
0.3196
-2.102
0.356
1.185
0.188
-1.686
-0.5947
-1.069
-1.553
-1.106
-1.415
-0.3545
-0.557
1.742
-0.604
1.798
-0.01177
2.057
0.1843
0.1781
-0.9224
-2.186
0.07465
0.3855
0.1815
-1.731
-0.564
-0.5347
2.357
0.7417
-1.635
0.8267
-1.679
1.345
-0.447
-0.8164
-0.3599
0.0603
-0.6797
1.128
1.854
2.041
-1.108
0.695
0.1715
0.0785
0.7646
-0.5947
0.785
0.08185
-1.664
0.1462
-0.757
0.962
-0.4004
-0.1837
0.12366
-0.3306
-0.08716
-1.607
-0.5903
0.692
0.593
0.4675
0.02196
0.3396
1.407
-1.833
0.875
-1.101
-2.592
0.796
1.127
-0.561
0.1272
-0.675
-0.1425
1.784
0.7764
0.985
0.3755
1.236
0.6245
0.9634
-1.238
-0.851
-1.078
0.3992
-0.9355
-0.05313
0.66
0.84
0.3794
1.299
-0.8877
0.05734
-0.1934
0.9224
0.073
1.432
0.541
-1.104
-0.772
-0.7544
-0.3962
0.2139
-1.025
1.505
-0.4734
-0.4368
-0.5674
-2.354
0.6064
2.508
-0.4697
-0.561
2.264
-0.3923
-0.7026
0.6865
-0.2905
-0.4067
-0.6523
-0.302
1.7705
-0.8306
0.2079
-1.407
0.08386
0.397
-1.84
-0.329
1.891
0.8394
1.296
-1.305
1.564
-0.1869
-1.017
-0.692
0.1343
-0.3086
-0.678
0.536
0.3828
-0.3264
-0.0676
-0.0997
-0.7476
-0.1315
2.055
0.571
-1.074
-1.364
0.08966
-0.1301
0.7666
0.9404
-0.4731
-1.313
0.2202
2.92
-0.4556
-0.183
1.204
-0.8477
-0.4724
-1.841
0.3274
-0.723
0.1646
-0.11346
-0.8203
-0.00156
0.1108
0.517
1.094
3.08
-0.9155
0.2216
-1.539
-0.7705
0.7466
-1.437
-1.196
0.2703
-1.017
1.023
-0.10254
0.4229
-1.02
0.01034
0.9
1.451
-1.273
-1.748
0.053
-0.6753
0.1943
0.176
-0.0503
-1.068
0.2659
-0.584
0.7124
-0.335
-0.6255
-0.3481
1.53
0.1848
0.04175
-1.622
-0.12054
-2.32
0.814
-0.821
-0.1295
-0.374
0.4683
-2.25
0.03827
0.7485
-0.1302
-1.706
1.924
1.1875
-0.3374
-0.3901
-0.2374
-1.092
-0.2053
-0.735
-2.11
-0.397
0.853
0.4321
-0.962
-0.4111
-0.601
0.6924
-0.2627
-1.864
-0.745
-1.835
-0.885
-0.968
0.7144
0.97
-1.343
0.3289
-0.602
1.298
1.373
1.618
-0.4263
-0.5654
0.2646
0.4248
1.099
-0.917
-0.6724
0.0785
-0.011086
0.1648
-0.661
0.7285
0.04807
0.4758
0.1256
-1.7
-0.3616
-0.7915
2.488
0.0918
-0.8237
-0.6694
0.782
-0.5205
-0.4094
-0.9233
0.04602
-0.5146
-0.9653
-0.8735
2.424
0.2197
-1.456
1.039
-1.245
0.1217
-1.327
-0.711
-0.5503
1.749
-1.943
-0.4014
1.142
-0.4385
-0.4414
-0.988
0.4233
-1.051
-1.221
-1.531
-0.0917
-0.3606
1.956
0.3088
-0.4731
-0.2585
-0.6206
-0.9766
0.2454
0.652
1.033
-0.073
0.577
0.3525
0.3452
-0.3958
-0.847
0.4214
1.1
1.234
0.973
-0.727
-0.263
-0.9224
0.1246
-0.9043
-0.6177
-0.6865
0.2131
-0.5615
0.5547
-0.7686
1.521
1.177
0.9565
1.69
-1.478
-1.2295
0.269
-0.719
-0.683
0.4775
0.567
-0.6533
-0.1219
-0.1328
0.8145
-0.743
1.184
-0.9243
0.4014
0.2368
1.249
0.5947
0.2583
0.3984
0.6646
-0.675
2.28
0.9185
-0.7646
1.689
1.575
1.302
0.6475
-0.3755
-1.014
1.23
1.14
-0.1704
0.5244
0.569
1.17
-0.699
1.357
-1.111
-0.3018
0.1486
-0.757
-1.048
0.79
-1.479
-0.3223
-0.2673
1.13
-0.9297
2.002
1.023
-0.1921
0.97
-0.2065
1.642
-1.857
0.666
-1.276
1.244
-2.629
-0.4177
0.576
0.08215
0.254
-0.6484
-1.09
1.454
1.249
-0.576
-0.4707
-0.469
-0.01311
0.2081
-0.2075
-0.7
1.543
0.0432
-0.825
0.363
-1.527
-1.909
0.1292
-0.4707
2.1
-1.889
-0.47
0.686
1.417
-0.1294
-0.9175
-0.1854
0.4429
-0.1177
0.666
-1.446
-1.315
1.087
-0.2373
-0.01962
-2.084
-0.3887
0.2842
0.02489
0.3933
-0.7495
-0.2693
0.3748
0.621
-0.444
-1.636
0.3174
-1.023
0.0801
-0.893
-0.5737
-0.1043
-1.829
0.907
-0.7554
0.5205
0.12164
-0.6772
-1.066
-1.78
-0.876
0.4355
-1.029
0.899
-0.2393
0.1431
-0.9614
-0.03195
-0.4106
0.4229
2.896
0.2191
0.8755
-0.4778
0.7812
0.7573
0.7114
-0.1353
0.7886
1.344
1.087
0.04767
0.694
-0.6055
1.303
-0.1849
0.948
0.335
0.3447
-0.3096
0.2622
1.559
1.157
-0.4597
-0.02869
-0.614
-0.7354
-0.3086
0.337
-1.029
0.3616
-0.3677
0.721
-1.825
0.761
-1.242
-0.858
0.09015
0.4944
-1.085
-1.399
-0.1556
-0.925
2.518
-0.6143
-1.474
0.12366
-0.0909
0.9844
0.969
-1.313
-0.462
-0.5513
-0.381
1.197
1.466
0.1879
-0.2203
-0.01084
-0.1564
-0.11066
1.047
1.549
-0.3513
-1.164
-0.776
-0.3025
0.659
-1.01
-2.006
-0.8286
0.1987
1.483
1.475
0.2786
-0.501
1.535
-0.5107
0.6123
0.1161
1.158
0.1222
-0.5303
-2.275
-2.516
-1.303
-1.338
0.5986
-0.3257
1.36
-0.2986
0.7373
-1.355
0.3489
-2.209
1.394
0.07385
0.3184
-0.6914
-0.9
1.471
-0.668
-0.1111
-0.3167
-1.286
0.02315
-0.1786
0.9443
2.62
-0.6914
0.2249
0.0879
-0.10236
0.4973
0.0658
-0.4414
1.247
-1.561
1.361
0.608
0.0948
1.021
0.4346
-1.179
0.312
-0.2067
1.267
1.2
0.917
-0.329
0.0622
0.07355
-2.887
0.758
-0.2822
-0.752
-0.03204
-1.162
-1.453
0.126
0.5166
1.471
0.2388
1.222
0.239
1.248
0.543
-0.0896
0.7954
0.506
-0.8096
-0.292
0.3972
-1.143
0.4878
0.6245
0.0572
0.5034
0.2983
-0.0875
-1.16
1.293
-0.58
-1.78
-0.4885
0.2177
0.67
0.1412
0.02702
-0.947
-0.584
-0.3337
-1.111
-1.475
-0.06757
-1.524
0.5283
-0.671
-0.4048
-0.732
-0.8
1.426
0.694
0.6733
-0.989
0.5513
-0.5625
-0.7686
1.666
-0.2476
0.0715
0.637
-2.037
-0.1906
0.1587
1.075
-0.5366
0.1697
-0.1368
-1.455
1.036
-0.892
0.2986
1.658
1.366
-0.9585
0.4512
-0.672
-1.057
1.387
1.067
0.67
-0.03296
1.589
0.2131
-0.4216
-1.329
-1.676
0.9326
1.233
-0.04178
0.8384
-0.982
1.706
-0.6973
0.2588
-0.401
-0.5596
1.67
-0.1666
0.8364
1.46
0.6743
-0.0242
-2.098
0.523
-1.199
-0.676
0.8613
-0.913
0.4658
-0.2435
1.639
0.0363
1.68
-0.581
1.254
1.259
0.9
0.1133
-1.2
-0.396
-2.2
0.03696
1.741
-0.4395
-1.76
-0.02898
-0.00399
0.03455
-1.569
-1.116
1.477
-0.0968
-1.932
0.2637
-1.255
0.9507
-0.7437
-0.711
0.04465
-1.084
-1.104
0.607
1.94
-0.5225
1.449
0.263
0.727
1.476
-0.9067
0.589
-2.453
1.307
0.7686
0.989
-1.755
1.884
-1.824
-0.2715
-0.7964
-0.591
-0.4663
1.239
1.191
-2.037
-0.4353
0.753
-1.055
-2.168
1.803
0.815
-0.03796
0.01903
-0.4614
0.581
-0.958
-0.8105
0.0425
-0.5747
-0.476
0.5215
-0.687
2.162
-2.172
-0.451
1.037
1.463
-0.2128
0.204
0.44
0.767
-0.1793
1.029
-0.6006
-0.32
0.584
1.171
-0.3037
0.473
3.508
2.633
-0.253
-1.1
-0.4373
-1.827
-0.587
-0.5864
-0.2114
-1.515
1.438
0.2769
0.3413
0.25
0.2788
0.57
0.4395
1.811
0.1967
-0.3623
-0.0784
0.05917
-1.252
-0.5547
0.4158
-0.2072
-0.8545
0.2844
-1.271
-0.0726
0.7236
1.604
0.3445
0.2079
0.5576
-0.352
0.82
-0.277
0.0837
0.9385
-0.6655
0.557
0.594
-0.4912
0.4841
1.834
1.28
-0.923
0.2837
-0.1525
-1.358
-1.652
0.821
0.678
-0.4287
-0.4812
-0.9697
1.057
1.076
1.394
-0.3513
-0.7007
1.603
1.888
-1.356
-0.4048
-0.758
0.1252
1.616
2.105
-1.141
0.02475
-0.702
0.8086
0.862
-1.128
2.195
-1.073
-2.666
-0.317
-0.1312
1.231
1.097
0.1537
0.7227
-2.574
-0.1567
1.268
-0.1259
0.543
0.2188
-1.618
-0.2634
0.464
-0.2374
0.6377
-0.423
-1.271
0.1317
1.149
0.3525
-0.536
0.2474
0.1081
-0.1052
1.43
-1.256
-0.004826
0.2288
-0.00913
-1.356
0.763
-0.8833
0.58
-0.4875
-1.717
-1.915
-0.3018
0.593
-0.2502
-0.4324
-0.892
-1.423
0.72
0.7485
0.2869
1.716
-0.7314
0.815
-0.7974
1.113
-0.1835
-0.1599
-0.3206
0.08136
1.917
-1.113
0.1283
0.7637
0.4219
-0.04172
-1.299
-0.6343
-0.3467
-0.4658
0.5205
-0.887
-0.1611
-1.337
0.1912
0.2028
-1.985
-1.696
0.4949
0.5483
0.8296
-0.8276
-0.9233
0.1501
1.091
1.235
-1.256
0.4841
0.2588
0.859
0.3755
-0.405
0.69
0.9907
1.884
-1.66
0.9355
0.7446
-0.3406
-0.5215
-2.088
1.472
1.756
1.173
0.3723
-0.1841
2.002
-0.703
0.626
-0.002222
1.991
-0.983
-0.4927
2.22
-0.7563
0.01439
0.384
-0.5435
-0.878
0.2754
-1.981
-1.068
1.001
-0.7715
-2.545
-0.9893
0.0583
-0.1794
-0.985
-0.386
0.4653
-1.3
-1.147
0.1449
0.1659
0.9404
-1.259
0.5366
0.16
0.5464
1.204
0.5356
-1.037
-1.402
1.747
2.133
2.178
-0.2693
-0.1354
-0.6826
0.5894
0.3157
0.211
-1.335
0.459
1.993
-1.17
2.582
1.846
-1.729
0.0967
-0.09454
-0.4065
1.022
-0.3115
0.5947
0.07947
1.258
2.916
-1.661
-0.5137
1.162
-0.8745
-0.4333
-0.6587
-0.5117
-0.318
0.7197
0.565
1.316
-0.797
-0.2842
1.002
-1.576
0.9746
-0.4155
-0.2283
-0.87
-0.04822
-0.8823
1.421
-0.707
0.7744
0.564
-0.9497
-0.734
0.1564
1.553
0.7207
1.52
1.935
-1.262
1.973
0.8457
-0.0652
1.054
0.741
0.408
1.1455
-1.743
0.2725
-0.4543
1.199
0.004627
0.10736
1.287
-0.1808
-0.01859
1.573
1.289
0.693
-1.61
1.903
0.593
-0.0679
-0.3848
-0.841
-0.00971
0.63
-0.0756
-1.194
-0.1826
0.192
-0.104
0.2059
-0.982
-1.255
0.0701
-1.4795
0.791
-0.4087
-0.736
-0.539
0.475
0.05875
-0.1945
0.1183
-0.1054
-0.828
1.179
-0.6416
-0.3967
0.5493
0.1501
0.6655
0.9644
-0.4622
1.689
1.072
0.1915
1.15
1.438
0.7954
0.09735
0.491
1.355
0.2177
0.3882
0.922
-1.478
-1.302
-1.067
-1.337
0.1888
-0.669
1.485
1.098
1.906
0.2131
1.399
0.721
0.307
-0.3667
-1.17
-1.775
-0.6714
-0.3103
-0.1997
0.2954
-1.023
-0.4785
0.556
-1.085
1.209
-1.2705
-0.4934
-0.0821
-0.1549
-0.1384
-2.637
-0.5903
0.0591
-0.6387
-0.0715
1.504
1.073
1.107
0.0794
-2.012
0.897
-0.7236
1.067
-1.462
-0.617
0.1606
0.1614
0.3418
-1.098
0.2698
-0.618
1.071
-2.316
-0.567
0.1635
1.363
-0.5024
-2.244
0.951
-0.04474
-1.669
0.3071
0.0704
-0.4487
1.994
0.166
-0.3699
-1.433
1.007
-0.9014
-0.9805
-0.2502
-0.0907
-0.524
1.237
-2.117
0.3738
0.3535
0.3906
-0.0426
-0.693
0.1631
0.593
0.9766
0.1259
-0.1514
-0.41
0.3357
-0.1913
-0.0437
-0.4846
-0.493
0.2603
0.8564
0.589
-0.4685
-0.6055
1.238
-0.791
-1.146
-0.454
0.378
-0.78
-1.253
-0.4011
-0.7734
-0.4973
0.9062
0.697
-2.117
-0.12164
-0.1693
-0.01193
-0.8276
0.3455
-1.348
-0.738
-0.01278
-0.0906
-0.1321
-0.9805
1.293
1.685
1.22
1.095
0.1744
0.6704
-2.236
0.8677
0.9683
0.07166
-0.6255
-2.158
0.04404
-0.5444
-0.545
0.4128
0.6997
-0.9194
-0.2294
0.695
-1.379
0.9346
-0.3157
0.6367
-0.578
1.933
-0.7954
-0.0446
0.1791
0.8306
-0.65
-1.647
-0.9214
0.2302
1.479
-0.129
-0.7314
0.707
0.2908
0.3054
-0.5005
-0.4058
-0.273
-1.469
-0.636
-0.8003
-0.4863
0.5474
-0.1029
0.3958
-0.76
1.359
0.8276
-0.861
0.5444
1.902
0.2435
0.8203
-1.81
1.243
0.596
0.1958
-0.539
0.2769
0.229
0.7446
1.767
1.089
1.24
1.297
-1.149
-0.1175
0.9023
-0.973
-0.854
-0.7593
0.0586
-2.334
0.702
-0.0388
0.9883
2.385
0.10645
-0.9023
-1.705
1.3
-1.347
-0.529
1.124
-0.4136
-0.371
0.06757
-1.373
-0.5615
-0.2783
-1.078
-1.71
-0.2146
0.8066
-0.4744
2.531
-1.443
0.08167
0.5894
1.544
-0.1127
-1.082
0.5283
0.817
0.803
-0.4321
0.9844
2.01
-1.584
0.1964
-0.508
-0.1075
-0.4097
0.05676
-1.395
-0.542
0.1031
2.613
-0.5923
0.5376
-0.2974
0.05447
0.0877
0.4995
-0.351
1.051
-0.06152
0.667
-0.1805
0.72
-1.719
-0.6094
-0.1191
1.154
0.05298
0.2583
-0.913
-1.274
0.9727
-0.3103
0.3257
1.08
0.11017
1.386
0.357
1.868
1.364
-1.067
2.016
0.625
0.00988
0.982
0.3838
-1.124
-0.7217
0.5786
-1.918
-0.595
0.04382
-0.6553
-0.5513
1.078
-0.3232
0.3662
0.5244
-1.648
0.8677
0.5405
-0.6064
-0.2323
-0.3884
0.7173
-0.509
-0.2615
0.581
-0.2646
-0.947
1.201
1.44
-0.3386
-0.87
0.4922
-1.394
-0.1065
-0.602
2.785
1.692
1.6045
0.686
-0.779
-2.377
-0.749
-1.452
-2.268
1.606
-0.0769
0.5376
-0.984
1.713
0.1862
0.4731
0.2382
0.6377
0.2803
0.2915
1.268
0.6685
-1.22
1.725
-1.605
-0.8623
-0.6587
-0.785
0.3733
1.128
0.1388
-0.3481
1.098
-0.555
1.765
0.807
1.155
1.068
-1.726
-0.2245
1.215
0.2292
-0.3179
-0.444
-0.4036
0.526
0.9316
0.0569
0.848
-0.1863
0.3606
-1.531
0.2642
1.865
-1.911
-1.516
-0.828
-1.575
0.1936
0.3552
1.7705
-0.12036
-1.32
-0.8706
-1.022
0.1672
0.7837
-1.665
-0.2058
1.764
0.4912
-0.978
0.2214
-0.5723
-0.2961
0.3525
1.016
-0.6177
-1.009
-1.529
1.828
-1.601
-0.251
0.444
-1.936
0.8345
0.579
1.8545
-0.691
-0.516
-1.538
1.011
-1.256
-1.561
0.11865
0.6846
1.469
-0.72
1.167
0.143
0.001116
0.646
1.22
0.2734
-0.1058
-0.4834
0.411
1.439
0.05707
0.8105
-0.058
0.315
-1.432
-0.0403
0.1254
-0.1725
-0.579
-0.8555
-0.329
0.75
-1.311
-0.736
-0.1693
-1.188
-0.8228
-1.451
0.11615
-0.5737
0.627
0.2338
-1.067
0.903
0.852
-1.059
-0.06445
0.514
-1.164
0.6235
-0.05798
-0.2168
1.589
0.11615
-1.578
0.8276
1.004
-2.049
-1.165
0.953
-0.8613
-0.1752
-0.9907
-0.1439
-0.922
0.931
-0.133
0.3381
-0.772
-0.1091
-0.6484
-1.112
2.34
1.373
0.4414
0.4211
1.156
-1.659
-0.4863
-0.3643
1.247
-0.3503
0.3328
-0.1439
-0.645
0.1705
-0.05896
-0.1914
-0.01752
-0.07166
1.329
0.4502
-1.744
-0.3486
-1.057
1.492
0.4636
0.558
1.768
1.094
0.6406
1.515
-0.4841
-2.355
0.6133
0.81
1.206
-0.5713
2.23
-0.1742
0.772
0.1053
2.012
-0.1418
0.669
0.415
-1.152
0.5654
-0.719
0.4026
0.0008206
0.128
-2.094
1.192
0.3809
-0.3962
-1.667
0.5107
-0.3389
-0.512
1.161
-1.8955
0.7603
1.181
-0.8066
0.535
-0.8174
-1.435
0.4724
-1.619
0.694
1.528
-0.01721
1.177
-0.2783
-0.35
-1.026
0.97
0.4268
-0.1514
-0.171
1.135
-0.702
-1.998
-0.3682
-0.7993
1.065
-1.217
0.3508
-1.402
-0.716
-0.11646
0.5464
0.5107
0.729
0.1866
-0.3782
-1.151
2.328
-0.4407
1.329
-0.0913
-0.04004
-0.2612
0.3525
0.189
1.655
0.1758
-0.0532
0.03583
0.9297
1.615
1.599
0.05362
0.481
-1.7295
-0.651
-0.566
-1.14
0.09625
-1.082
-2.127
0.2952
-0.5244
-0.2008
-0.1094
1.101
-0.918
-0.4246
-1.456
-0.2103
0.342
-0.571
-1.363
0.2059
-0.595
-0.1233
0.4998
1.943
1.444
0.272
-0.677
-0.77
1.905
0.174
-0.2123
-1.384
0.8257
-2.191
-1.032
1.856
0.01499
-0.6855
-0.03174
-0.1165
-1.66
2.457
-2.941
-0.8857
-0.5625
-0.9956
-0.935
-0.5938
0.3806
-0.829
-0.7056
3.045
0.688
1.568
-0.2188
0.00954
0.326
-0.8613
1.577
-1.055
-0.1469
0.2335
-0.1038
0.3977
0.927
0.658
-0.7837
-0.781
1.205
2.412
0.4824
-0.1211
-0.4055
-0.856
-0.6094
-1.49
-0.5576
-1.303
0.0736
-0.2952
-0.743
-1.232
1.791
-0.7324
0.8735
-0.3774
0.834
0.4724
0.466
-1.083
0.367
-0.04803
-0.2012
