1.7865602
2.5148878
2.1796637
1.8403363
2.4672284
0.9985356
4.4591503
4.929274
3.7278945
5.3132663
0.0
0.0
0.0
0.2600601
4.2207923
0.07208432
0.040375214
0.0
3.288526
3.5304601
0.09727542
0.0
0.9724573
4.0071497
1.7650177
2.2471187
3.3369868
0.0
0.72320473
0.3509038
0.0
2.7098625
0.9265256
3.096881
6.0835366
0.0
0.0
0.0
2.74444
4.955316
0.0
0.0
0.0
2.60343
0.2543174
0.0
0.0
2.6642344
1.45313
0.0
0.0
0.0
0.0
0.0
0.0
4.735078
6.015937
5.8737435
0.0
0.0
2.7108808
5.0346847
4.6382003
0.8768898
0.617156
0.72823894
0.9417963
0.0
0.0
0.62259483
0.66457486
0.0
0.0
0.78132963
0.6489451
1.3365103
3.691165
3.7352946
3.167513
2.787247
0.0
3.9317243
3.6040688
5.4902277
5.759246
0.0
0.0
0.0
2.6799035
3.9682047
0.0
0.0
2.204403
2.9912527
3.1089942
0.0
1.2373453
3.7894225
4.0305705
1.2284036
5.471983
6.8615084
6.2401686
7.4042144
1.6144953
0.0
0.92941517
2.9936
4.0118175
2.9930198
0.0
0.5706551
0.084409356
1.2946035
1.6021743
0.7029804
1.9540638
0.41050756
0.688034
0.58503646
1.1717108
2.4037054
1.1116507
0.74646246
0.4068302
8.96119
9.751216
6.5116215
2.977089
0.0
3.5412455
8.667379
8.912773
7.565964
3.659545
0.0
0.0
0.0
0.07064266
0.0
0.0
0.022952527
0.32566434
0.36700448
0.0
1.752639
3.0901737
2.4323134
0.0
0.018325273
3.957116
4.389403
4.3980775
4.2621284
3.6608143
2.3328469
0.0
0.0
1.474594
0.037119314
0.0
0.0
3.5841637
0.53135365
0.0
0.14693648
4.8579407
4.7334304
0.0
0.23986238
1.9382086
4.9079857
0.48727405
0.0
0.44131973
1.9614494
1.2049316
2.520122
2.9635115
1.9045136
5.3893557
3.7268436
2.7541552
0.0
0.0
4.785136
6.7612433
7.3898196
3.2121434
0.0
0.13144447
1.4971331
1.6454188
0.0
1.168124
0.429014
1.1235808
0.0
0.0
1.2035888
4.5103602
4.3695292
4.0401564
4.111508
2.4107337
3.2009702
0.0
2.2016351
3.6070259
0.0
0.13633132
1.6950948
8.597228
5.42454
0.0
0.21051876
7.6334662
8.563222
0.0
0.7702677
2.7952867
9.081847
3.4524655
0.226877
0.76433456
1.2519654
2.2337441
1.3835515
1.8288182
2.7479978
3.091666
2.503381
2.6437268
3.8539972
3.4413943
0.73474324
1.1393466
0.0
5.8108974
1.6361976
0.025923423
0.0
6.317361
5.9761615
0.0
0.0
3.212047
6.6832957
1.0036852
0.0
2.418856
0.9554795
0.044593643
0.06966562
2.2762542
4.007423
3.044528
2.666797
4.063458
2.535104
0.0
0.0
0.41277668
3.8640864
0.04068358
0.24491507
0.0
4.172957
2.951868
0.0
0.14678328
1.3434137
3.2748418
0.0
0.1355029
0.3718716
0.0
0.0
0.0
0.0
3.8069115
7.5641155
6.9331574
6.800071
4.6795373
0.0
0.0
0.0
1.1920354
2.135447
0.042732947
0.0
0.0
1.3065311
1.9066985
0.0
0.50160956
0.91138667
2.3265285
1.8232358
5.7502728
6.973328
6.4726453
6.6196656
4.510969
0.6685491
0.0
1.9838479
1.8189893
1.831669
0.22272208
1.7407076
1.9982352
0.73206335
0.0
0.78090286
2.538014
2.243947
1.0668
0.17273779
1.6054283
2.0910978
1.7586826
0.079650626
0.15608396
0.0
0.0
0.0
0.0
0.0
5.162307
7.2899227
5.7146115
2.2975507
4.5000467
4.86678
5.9818788
4.7137723
3.8798127
6.8955154
0.016648244
0.0
0.0
6.672121
5.6616254
0.0
0.0
5.37433
7.1513624
1.516185
7.0042834
11.879762
11.201468
10.151379
4.8630614
0.0
0.22244641
5.2997284
7.008869
6.467747
1.0112736
1.7882202
0.32953852
0.0
0.0
0.61183363
2.0131145
1.7307429
0.0
0.0
1.7443522
2.065965
0.0
0.0
0.0
0.69223964
0.54714614
0.74569887
0.96487975
2.9146702
0.0
1.9208517
3.7524626
1.9069461
8.934313
0.09231555
2.130113
3.85318
0.0
7.414493
0.35599226
3.327422
0.840588
7.581311
6.9171295
2.6432073
4.205438
1.6220055
8.243299
1.0555737
