1.8248520162596833
9.256156105333503
-6.158570063285879
-3.3646604098612443
8.246930103338741
-9.214278356026625
-2.037728001792857
4.5670573544630315
-5.013679696029612
6.142561744098202
-7.017641749800532
-9.186002036104583
-0.8141592862957623
-7.692780262805172
4.328651691959749
4.7726992319803685
3.694674412414315
-4.433350607177999
-3.579688990721479
3.7459510702465195
-4.1354115575231845
2.651349486783147
3.237607043905882
6.894054464959481
2.575805953652889
0.684586408363657
-0.9857714096433483
-4.647395206236979
-5.7233470646169735
-3.9200034882087493
3.999512731519644
-2.0864495727582835
-2.557433359877905
1.8012029736855766
0.30405803699977696
-8.529743629362201
-7.60480158374412
-4.4989224658565945
-5.752681673559891
-5.607614336768165
-3.7626472164993174
-2.363728610009275
4.413169501713128
-6.518874167952163
2.283993539691437
5.917277678643586
5.85191339396988
-3.0333056867239065
8.371726484008832
-3.008755481845583
13.229389876933055
-0.23214945063227788
-6.931862222318159
4.780163927876856
9.20482298440038
4.655987253237981
-2.024401969174505
7.638877070588933
-1.6779330115532503
8.196188211652043
3.957147189823445
5.459911384081352
3.884566512253514
11.048483532649698
-3.301266888542159
2.3491708075307542
-1.4105959395283207
-7.2845120255078655
-10.687223063665442
-6.449516594453598
-2.9013673419394763
1.3711784656334203
0.48236786044435576
2.0612926297690137
-3.400728868211445
1.894622693213023
5.348206856360775
-1.3664613448709133
2.3881830126047134
5.122772194426943
-2.3749754930613562
-2.1447143945479183
2.4271694792842027
-6.564840758714126
-0.6140535419981461
-2.707397533202311
5.3780154649866745
-0.7359602929791436
-2.4197935331721965
2.338817312469473
0.6374109945863893
-4.489779704316334
0.7468643517640885
-0.607507796594291
-7.65396894395235
-4.425215236668009
-8.95724931237055
9.352395674184663
6.623111339307798
2.611558371216688
5.1944591121882695
2.0916100154427113
2.826831377329654
-1.786360334361234
-1.322223505588454
8.285110801749397
-0.42657676863018423
5.999039558775621
-5.748842113272985
-5.417373106058221
-1.3196122521476354
4.217601533222478
9.235871047247201
-2.00301899338956
-3.3500065159096266
3.379753240824357
5.088965502842257
-0.600900077377446
-6.486003442376386
-3.989478593459353
